1600 6240
1 2 1
1 41 1
2 1 1
2 3 1
2 42 1
3 2 1
3 4 1
3 43 1
4 3 1
4 5 1
4 44 1
5 4 1
5 6 1
5 45 1
6 5 1
6 7 1
6 46 1
7 6 1
7 8 1
7 47 1
8 7 1
8 9 1
8 48 1
9 8 1
9 10 1
9 49 1
10 9 1
10 11 1
10 50 1
11 10 1
11 12 1
11 51 1
12 11 1
12 13 1
12 52 1
13 12 1
13 14 1
13 53 1
14 13 1
14 15 1
14 54 1
15 14 1
15 16 1
15 55 1
16 15 1
16 17 1
16 56 1
17 16 1
17 18 1
17 57 1
18 17 1
18 19 1
18 58 1
19 18 1
19 20 1
19 59 1
20 19 1
20 21 1
20 60 1
21 20 1
21 22 1
21 61 1
22 21 1
22 23 1
22 62 1
23 22 1
23 24 1
23 63 1
24 23 1
24 25 1
24 64 1
25 24 1
25 26 1
25 65 1
26 25 1
26 27 1
26 66 1
27 26 1
27 28 1
27 67 1
28 27 1
28 29 1
28 68 1
29 28 1
29 30 1
29 69 1
30 29 1
30 31 1
30 70 1
31 30 1
31 32 1
31 71 1
32 31 1
32 33 1
32 72 1
33 32 1
33 34 1
33 73 1
34 33 1
34 35 1
34 74 1
35 34 1
35 36 1
35 75 1
36 35 1
36 37 1
36 76 1
37 36 1
37 38 1
37 77 1
38 37 1
38 39 1
38 78 1
39 38 1
39 40 1
39 79 1
40 39 1
40 80 1
41 1 1
41 42 1
41 81 1
42 2 1
42 41 1
42 43 1
42 82 1
43 3 1
43 42 1
43 44 1
43 83 1
44 4 1
44 43 1
44 45 1
44 84 1
45 5 1
45 44 1
45 46 1
45 85 1
46 6 1
46 45 1
46 47 1
46 86 1
47 7 1
47 46 1
47 48 1
47 87 1
48 8 1
48 47 1
48 49 1
48 88 1
49 9 1
49 48 1
49 50 1
49 89 1
50 10 1
50 49 1
50 51 1
50 90 1
51 11 1
51 50 1
51 52 1
51 91 1
52 12 1
52 51 1
52 53 1
52 92 1
53 13 1
53 52 1
53 54 1
53 93 1
54 14 1
54 53 1
54 55 1
54 94 1
55 15 1
55 54 1
55 56 1
55 95 1
56 16 1
56 55 1
56 57 1
56 96 1
57 17 1
57 56 1
57 58 1
57 97 1
58 18 1
58 57 1
58 59 1
58 98 1
59 19 1
59 58 1
59 60 1
59 99 1
60 20 1
60 59 1
60 61 1
60 100 1
61 21 1
61 60 1
61 62 1
61 101 1
62 22 1
62 61 1
62 63 1
62 102 1
63 23 1
63 62 1
63 64 1
63 103 1
64 24 1
64 63 1
64 65 1
64 104 1
65 25 1
65 64 1
65 66 1
65 105 1
66 26 1
66 65 1
66 67 1
66 106 1
67 27 1
67 66 1
67 68 1
67 107 1
68 28 1
68 67 1
68 69 1
68 108 1
69 29 1
69 68 1
69 70 1
69 109 1
70 30 1
70 69 1
70 71 1
70 110 1
71 31 1
71 70 1
71 72 1
71 111 1
72 32 1
72 71 1
72 73 1
72 112 1
73 33 1
73 72 1
73 74 1
73 113 1
74 34 1
74 73 1
74 75 1
74 114 1
75 35 1
75 74 1
75 76 1
75 115 1
76 36 1
76 75 1
76 77 1
76 116 1
77 37 1
77 76 1
77 78 1
77 117 1
78 38 1
78 77 1
78 79 1
78 118 1
79 39 1
79 78 1
79 80 1
79 119 1
80 40 1
80 79 1
80 120 1
81 41 1
81 82 1
81 121 1
82 42 1
82 81 1
82 83 1
82 122 1
83 43 1
83 82 1
83 84 1
83 123 1
84 44 1
84 83 1
84 85 1
84 124 1
85 45 1
85 84 1
85 86 1
85 125 1
86 46 1
86 85 1
86 87 1
86 126 1
87 47 1
87 86 1
87 88 1
87 127 1
88 48 1
88 87 1
88 89 1
88 128 1
89 49 1
89 88 1
89 90 1
89 129 1
90 50 1
90 89 1
90 91 1
90 130 1
91 51 1
91 90 1
91 92 1
91 131 1
92 52 1
92 91 1
92 93 1
92 132 1
93 53 1
93 92 1
93 94 1
93 133 1
94 54 1
94 93 1
94 95 1
94 134 1
95 55 1
95 94 1
95 96 1
95 135 1
96 56 1
96 95 1
96 97 1
96 136 1
97 57 1
97 96 1
97 98 1
97 137 1
98 58 1
98 97 1
98 99 1
98 138 1
99 59 1
99 98 1
99 100 1
99 139 1
100 60 1
100 99 1
100 101 1
100 140 1
101 61 1
101 100 1
101 102 1
101 141 1
102 62 1
102 101 1
102 103 1
102 142 1
103 63 1
103 102 1
103 104 1
103 143 1
104 64 1
104 103 1
104 105 1
104 144 1
105 65 1
105 104 1
105 106 1
105 145 1
106 66 1
106 105 1
106 107 1
106 146 1
107 67 1
107 106 1
107 108 1
107 147 1
108 68 1
108 107 1
108 109 1
108 148 1
109 69 1
109 108 1
109 110 1
109 149 1
110 70 1
110 109 1
110 111 1
110 150 1
111 71 1
111 110 1
111 112 1
111 151 1
112 72 1
112 111 1
112 113 1
112 152 1
113 73 1
113 112 1
113 114 1
113 153 1
114 74 1
114 113 1
114 115 1
114 154 1
115 75 1
115 114 1
115 116 1
115 155 1
116 76 1
116 115 1
116 117 1
116 156 1
117 77 1
117 116 1
117 118 1
117 157 1
118 78 1
118 117 1
118 119 1
118 158 1
119 79 1
119 118 1
119 120 1
119 159 1
120 80 1
120 119 1
120 160 1
121 81 1
121 122 1
121 161 1
122 82 1
122 121 1
122 123 1
122 162 1
123 83 1
123 122 1
123 124 1
123 163 1
124 84 1
124 123 1
124 125 1
124 164 1
125 85 1
125 124 1
125 126 1
125 165 1
126 86 1
126 125 1
126 127 1
126 166 1
127 87 1
127 126 1
127 128 1
127 167 1
128 88 1
128 127 1
128 129 1
128 168 1
129 89 1
129 128 1
129 130 1
129 169 1
130 90 1
130 129 1
130 131 1
130 170 1
131 91 1
131 130 1
131 132 1
131 171 1
132 92 1
132 131 1
132 133 1
132 172 1
133 93 1
133 132 1
133 134 1
133 173 1
134 94 1
134 133 1
134 135 1
134 174 1
135 95 1
135 134 1
135 136 1
135 175 1
136 96 1
136 135 1
136 137 1
136 176 1
137 97 1
137 136 1
137 138 1
137 177 1
138 98 1
138 137 1
138 139 1
138 178 1
139 99 1
139 138 1
139 140 1
139 179 1
140 100 1
140 139 1
140 141 1
140 180 1
141 101 1
141 140 1
141 142 1
141 181 1
142 102 1
142 141 1
142 143 1
142 182 1
143 103 1
143 142 1
143 144 1
143 183 1
144 104 1
144 143 1
144 145 1
144 184 1
145 105 1
145 144 1
145 146 1
145 185 1
146 106 1
146 145 1
146 147 1
146 186 1
147 107 1
147 146 1
147 148 1
147 187 1
148 108 1
148 147 1
148 149 1
148 188 1
149 109 1
149 148 1
149 150 1
149 189 1
150 110 1
150 149 1
150 151 1
150 190 1
151 111 1
151 150 1
151 152 1
151 191 1
152 112 1
152 151 1
152 153 1
152 192 1
153 113 1
153 152 1
153 154 1
153 193 1
154 114 1
154 153 1
154 155 1
154 194 1
155 115 1
155 154 1
155 156 1
155 195 1
156 116 1
156 155 1
156 157 1
156 196 1
157 117 1
157 156 1
157 158 1
157 197 1
158 118 1
158 157 1
158 159 1
158 198 1
159 119 1
159 158 1
159 160 1
159 199 1
160 120 1
160 159 1
160 200 1
161 121 1
161 162 1
161 201 1
162 122 1
162 161 1
162 163 1
162 202 1
163 123 1
163 162 1
163 164 1
163 203 1
164 124 1
164 163 1
164 165 1
164 204 1
165 125 1
165 164 1
165 166 1
165 205 1
166 126 1
166 165 1
166 167 1
166 206 1
167 127 1
167 166 1
167 168 1
167 207 1
168 128 1
168 167 1
168 169 1
168 208 1
169 129 1
169 168 1
169 170 1
169 209 1
170 130 1
170 169 1
170 171 1
170 210 1
171 131 1
171 170 1
171 172 1
171 211 1
172 132 1
172 171 1
172 173 1
172 212 1
173 133 1
173 172 1
173 174 1
173 213 1
174 134 1
174 173 1
174 175 1
174 214 1
175 135 1
175 174 1
175 176 1
175 215 1
176 136 1
176 175 1
176 177 1
176 216 1
177 137 1
177 176 1
177 178 1
177 217 1
178 138 1
178 177 1
178 179 1
178 218 1
179 139 1
179 178 1
179 180 1
179 219 1
180 140 1
180 179 1
180 181 1
180 220 1
181 141 1
181 180 1
181 182 1
181 221 1
182 142 1
182 181 1
182 183 1
182 222 1
183 143 1
183 182 1
183 184 1
183 223 1
184 144 1
184 183 1
184 185 1
184 224 1
185 145 1
185 184 1
185 186 1
185 225 1
186 146 1
186 185 1
186 187 1
186 226 1
187 147 1
187 186 1
187 188 1
187 227 1
188 148 1
188 187 1
188 189 1
188 228 1
189 149 1
189 188 1
189 190 1
189 229 1
190 150 1
190 189 1
190 191 1
190 230 1
191 151 1
191 190 1
191 192 1
191 231 1
192 152 1
192 191 1
192 193 1
192 232 1
193 153 1
193 192 1
193 194 1
193 233 1
194 154 1
194 193 1
194 195 1
194 234 1
195 155 1
195 194 1
195 196 1
195 235 1
196 156 1
196 195 1
196 197 1
196 236 1
197 157 1
197 196 1
197 198 1
197 237 1
198 158 1
198 197 1
198 199 1
198 238 1
199 159 1
199 198 1
199 200 1
199 239 1
200 160 1
200 199 1
200 240 1
201 161 1
201 202 1
201 241 1
202 162 1
202 201 1
202 203 1
202 242 1
203 163 1
203 202 1
203 204 1
203 243 1
204 164 1
204 203 1
204 205 1
204 244 1
205 165 1
205 204 1
205 206 1
205 245 1
206 166 1
206 205 1
206 207 1
206 246 1
207 167 1
207 206 1
207 208 1
207 247 1
208 168 1
208 207 1
208 209 1
208 248 1
209 169 1
209 208 1
209 210 1
209 249 1
210 170 1
210 209 1
210 211 1
210 250 1
211 171 1
211 210 1
211 212 1
211 251 1
212 172 1
212 211 1
212 213 1
212 252 1
213 173 1
213 212 1
213 214 1
213 253 1
214 174 1
214 213 1
214 215 1
214 254 1
215 175 1
215 214 1
215 216 1
215 255 1
216 176 1
216 215 1
216 217 1
216 256 1
217 177 1
217 216 1
217 218 1
217 257 1
218 178 1
218 217 1
218 219 1
218 258 1
219 179 1
219 218 1
219 220 1
219 259 1
220 180 1
220 219 1
220 221 1
220 260 1
221 181 1
221 220 1
221 222 1
221 261 1
222 182 1
222 221 1
222 223 1
222 262 1
223 183 1
223 222 1
223 224 1
223 263 1
224 184 1
224 223 1
224 225 1
224 264 1
225 185 1
225 224 1
225 226 1
225 265 1
226 186 1
226 225 1
226 227 1
226 266 1
227 187 1
227 226 1
227 228 1
227 267 1
228 188 1
228 227 1
228 229 1
228 268 1
229 189 1
229 228 1
229 230 1
229 269 1
230 190 1
230 229 1
230 231 1
230 270 1
231 191 1
231 230 1
231 232 1
231 271 1
232 192 1
232 231 1
232 233 1
232 272 1
233 193 1
233 232 1
233 234 1
233 273 1
234 194 1
234 233 1
234 235 1
234 274 1
235 195 1
235 234 1
235 236 1
235 275 1
236 196 1
236 235 1
236 237 1
236 276 1
237 197 1
237 236 1
237 238 1
237 277 1
238 198 1
238 237 1
238 239 1
238 278 1
239 199 1
239 238 1
239 240 1
239 279 1
240 200 1
240 239 1
240 280 1
241 201 1
241 242 1
241 281 1
242 202 1
242 241 1
242 243 1
242 282 1
243 203 1
243 242 1
243 244 1
243 283 1
244 204 1
244 243 1
244 245 1
244 284 1
245 205 1
245 244 1
245 246 1
245 285 1
246 206 1
246 245 1
246 247 1
246 286 1
247 207 1
247 246 1
247 248 1
247 287 1
248 208 1
248 247 1
248 249 1
248 288 1
249 209 1
249 248 1
249 250 1
249 289 1
250 210 1
250 249 1
250 251 1
250 290 1
251 211 1
251 250 1
251 252 1
251 291 1
252 212 1
252 251 1
252 253 1
252 292 1
253 213 1
253 252 1
253 254 1
253 293 1
254 214 1
254 253 1
254 255 1
254 294 1
255 215 1
255 254 1
255 256 1
255 295 1
256 216 1
256 255 1
256 257 1
256 296 1
257 217 1
257 256 1
257 258 1
257 297 1
258 218 1
258 257 1
258 259 1
258 298 1
259 219 1
259 258 1
259 260 1
259 299 1
260 220 1
260 259 1
260 261 1
260 300 1
261 221 1
261 260 1
261 262 1
261 301 1
262 222 1
262 261 1
262 263 1
262 302 1
263 223 1
263 262 1
263 264 1
263 303 1
264 224 1
264 263 1
264 265 1
264 304 1
265 225 1
265 264 1
265 266 1
265 305 1
266 226 1
266 265 1
266 267 1
266 306 1
267 227 1
267 266 1
267 268 1
267 307 1
268 228 1
268 267 1
268 269 1
268 308 1
269 229 1
269 268 1
269 270 1
269 309 1
270 230 1
270 269 1
270 271 1
270 310 1
271 231 1
271 270 1
271 272 1
271 311 1
272 232 1
272 271 1
272 273 1
272 312 1
273 233 1
273 272 1
273 274 1
273 313 1
274 234 1
274 273 1
274 275 1
274 314 1
275 235 1
275 274 1
275 276 1
275 315 1
276 236 1
276 275 1
276 277 1
276 316 1
277 237 1
277 276 1
277 278 1
277 317 1
278 238 1
278 277 1
278 279 1
278 318 1
279 239 1
279 278 1
279 280 1
279 319 1
280 240 1
280 279 1
280 320 1
281 241 1
281 282 1
281 321 1
282 242 1
282 281 1
282 283 1
282 322 1
283 243 1
283 282 1
283 284 1
283 323 1
284 244 1
284 283 1
284 285 1
284 324 1
285 245 1
285 284 1
285 286 1
285 325 1
286 246 1
286 285 1
286 287 1
286 326 1
287 247 1
287 286 1
287 288 1
287 327 1
288 248 1
288 287 1
288 289 1
288 328 1
289 249 1
289 288 1
289 290 1
289 329 1
290 250 1
290 289 1
290 291 1
290 330 1
291 251 1
291 290 1
291 292 1
291 331 1
292 252 1
292 291 1
292 293 1
292 332 1
293 253 1
293 292 1
293 294 1
293 333 1
294 254 1
294 293 1
294 295 1
294 334 1
295 255 1
295 294 1
295 296 1
295 335 1
296 256 1
296 295 1
296 297 1
296 336 1
297 257 1
297 296 1
297 298 1
297 337 1
298 258 1
298 297 1
298 299 1
298 338 1
299 259 1
299 298 1
299 300 1
299 339 1
300 260 1
300 299 1
300 301 1
300 340 1
301 261 1
301 300 1
301 302 1
301 341 1
302 262 1
302 301 1
302 303 1
302 342 1
303 263 1
303 302 1
303 304 1
303 343 1
304 264 1
304 303 1
304 305 1
304 344 1
305 265 1
305 304 1
305 306 1
305 345 1
306 266 1
306 305 1
306 307 1
306 346 1
307 267 1
307 306 1
307 308 1
307 347 1
308 268 1
308 307 1
308 309 1
308 348 1
309 269 1
309 308 1
309 310 1
309 349 1
310 270 1
310 309 1
310 311 1
310 350 1
311 271 1
311 310 1
311 312 1
311 351 1
312 272 1
312 311 1
312 313 1
312 352 1
313 273 1
313 312 1
313 314 1
313 353 1
314 274 1
314 313 1
314 315 1
314 354 1
315 275 1
315 314 1
315 316 1
315 355 1
316 276 1
316 315 1
316 317 1
316 356 1
317 277 1
317 316 1
317 318 1
317 357 1
318 278 1
318 317 1
318 319 1
318 358 1
319 279 1
319 318 1
319 320 1
319 359 1
320 280 1
320 319 1
320 360 1
321 281 1
321 322 1
321 361 1
322 282 1
322 321 1
322 323 1
322 362 1
323 283 1
323 322 1
323 324 1
323 363 1
324 284 1
324 323 1
324 325 1
324 364 1
325 285 1
325 324 1
325 326 1
325 365 1
326 286 1
326 325 1
326 327 1
326 366 1
327 287 1
327 326 1
327 328 1
327 367 1
328 288 1
328 327 1
328 329 1
328 368 1
329 289 1
329 328 1
329 330 1
329 369 1
330 290 1
330 329 1
330 331 1
330 370 1
331 291 1
331 330 1
331 332 1
331 371 1
332 292 1
332 331 1
332 333 1
332 372 1
333 293 1
333 332 1
333 334 1
333 373 1
334 294 1
334 333 1
334 335 1
334 374 1
335 295 1
335 334 1
335 336 1
335 375 1
336 296 1
336 335 1
336 337 1
336 376 1
337 297 1
337 336 1
337 338 1
337 377 1
338 298 1
338 337 1
338 339 1
338 378 1
339 299 1
339 338 1
339 340 1
339 379 1
340 300 1
340 339 1
340 341 1
340 380 1
341 301 1
341 340 1
341 342 1
341 381 1
342 302 1
342 341 1
342 343 1
342 382 1
343 303 1
343 342 1
343 344 1
343 383 1
344 304 1
344 343 1
344 345 1
344 384 1
345 305 1
345 344 1
345 346 1
345 385 1
346 306 1
346 345 1
346 347 1
346 386 1
347 307 1
347 346 1
347 348 1
347 387 1
348 308 1
348 347 1
348 349 1
348 388 1
349 309 1
349 348 1
349 350 1
349 389 1
350 310 1
350 349 1
350 351 1
350 390 1
351 311 1
351 350 1
351 352 1
351 391 1
352 312 1
352 351 1
352 353 1
352 392 1
353 313 1
353 352 1
353 354 1
353 393 1
354 314 1
354 353 1
354 355 1
354 394 1
355 315 1
355 354 1
355 356 1
355 395 1
356 316 1
356 355 1
356 357 1
356 396 1
357 317 1
357 356 1
357 358 1
357 397 1
358 318 1
358 357 1
358 359 1
358 398 1
359 319 1
359 358 1
359 360 1
359 399 1
360 320 1
360 359 1
360 400 1
361 321 1
361 362 1
361 401 1
362 322 1
362 361 1
362 363 1
362 402 1
363 323 1
363 362 1
363 364 1
363 403 1
364 324 1
364 363 1
364 365 1
364 404 1
365 325 1
365 364 1
365 366 1
365 405 1
366 326 1
366 365 1
366 367 1
366 406 1
367 327 1
367 366 1
367 368 1
367 407 1
368 328 1
368 367 1
368 369 1
368 408 1
369 329 1
369 368 1
369 370 1
369 409 1
370 330 1
370 369 1
370 371 1
370 410 1
371 331 1
371 370 1
371 372 1
371 411 1
372 332 1
372 371 1
372 373 1
372 412 1
373 333 1
373 372 1
373 374 1
373 413 1
374 334 1
374 373 1
374 375 1
374 414 1
375 335 1
375 374 1
375 376 1
375 415 1
376 336 1
376 375 1
376 377 1
376 416 1
377 337 1
377 376 1
377 378 1
377 417 1
378 338 1
378 377 1
378 379 1
378 418 1
379 339 1
379 378 1
379 380 1
379 419 1
380 340 1
380 379 1
380 381 1
380 420 1
381 341 1
381 380 1
381 382 1
381 421 1
382 342 1
382 381 1
382 383 1
382 422 1
383 343 1
383 382 1
383 384 1
383 423 1
384 344 1
384 383 1
384 385 1
384 424 1
385 345 1
385 384 1
385 386 1
385 425 1
386 346 1
386 385 1
386 387 1
386 426 1
387 347 1
387 386 1
387 388 1
387 427 1
388 348 1
388 387 1
388 389 1
388 428 1
389 349 1
389 388 1
389 390 1
389 429 1
390 350 1
390 389 1
390 391 1
390 430 1
391 351 1
391 390 1
391 392 1
391 431 1
392 352 1
392 391 1
392 393 1
392 432 1
393 353 1
393 392 1
393 394 1
393 433 1
394 354 1
394 393 1
394 395 1
394 434 1
395 355 1
395 394 1
395 396 1
395 435 1
396 356 1
396 395 1
396 397 1
396 436 1
397 357 1
397 396 1
397 398 1
397 437 1
398 358 1
398 397 1
398 399 1
398 438 1
399 359 1
399 398 1
399 400 1
399 439 1
400 360 1
400 399 1
400 440 1
401 361 1
401 402 1
401 441 1
402 362 1
402 401 1
402 403 1
402 442 1
403 363 1
403 402 1
403 404 1
403 443 1
404 364 1
404 403 1
404 405 1
404 444 1
405 365 1
405 404 1
405 406 1
405 445 1
406 366 1
406 405 1
406 407 1
406 446 1
407 367 1
407 406 1
407 408 1
407 447 1
408 368 1
408 407 1
408 409 1
408 448 1
409 369 1
409 408 1
409 410 1
409 449 1
410 370 1
410 409 1
410 411 1
410 450 1
411 371 1
411 410 1
411 412 1
411 451 1
412 372 1
412 411 1
412 413 1
412 452 1
413 373 1
413 412 1
413 414 1
413 453 1
414 374 1
414 413 1
414 415 1
414 454 1
415 375 1
415 414 1
415 416 1
415 455 1
416 376 1
416 415 1
416 417 1
416 456 1
417 377 1
417 416 1
417 418 1
417 457 1
418 378 1
418 417 1
418 419 1
418 458 1
419 379 1
419 418 1
419 420 1
419 459 1
420 380 1
420 419 1
420 421 1
420 460 1
421 381 1
421 420 1
421 422 1
421 461 1
422 382 1
422 421 1
422 423 1
422 462 1
423 383 1
423 422 1
423 424 1
423 463 1
424 384 1
424 423 1
424 425 1
424 464 1
425 385 1
425 424 1
425 426 1
425 465 1
426 386 1
426 425 1
426 427 1
426 466 1
427 387 1
427 426 1
427 428 1
427 467 1
428 388 1
428 427 1
428 429 1
428 468 1
429 389 1
429 428 1
429 430 1
429 469 1
430 390 1
430 429 1
430 431 1
430 470 1
431 391 1
431 430 1
431 432 1
431 471 1
432 392 1
432 431 1
432 433 1
432 472 1
433 393 1
433 432 1
433 434 1
433 473 1
434 394 1
434 433 1
434 435 1
434 474 1
435 395 1
435 434 1
435 436 1
435 475 1
436 396 1
436 435 1
436 437 1
436 476 1
437 397 1
437 436 1
437 438 1
437 477 1
438 398 1
438 437 1
438 439 1
438 478 1
439 399 1
439 438 1
439 440 1
439 479 1
440 400 1
440 439 1
440 480 1
441 401 1
441 442 1
441 481 1
442 402 1
442 441 1
442 443 1
442 482 1
443 403 1
443 442 1
443 444 1
443 483 1
444 404 1
444 443 1
444 445 1
444 484 1
445 405 1
445 444 1
445 446 1
445 485 1
446 406 1
446 445 1
446 447 1
446 486 1
447 407 1
447 446 1
447 448 1
447 487 1
448 408 1
448 447 1
448 449 1
448 488 1
449 409 1
449 448 1
449 450 1
449 489 1
450 410 1
450 449 1
450 451 1
450 490 1
451 411 1
451 450 1
451 452 1
451 491 1
452 412 1
452 451 1
452 453 1
452 492 1
453 413 1
453 452 1
453 454 1
453 493 1
454 414 1
454 453 1
454 455 1
454 494 1
455 415 1
455 454 1
455 456 1
455 495 1
456 416 1
456 455 1
456 457 1
456 496 1
457 417 1
457 456 1
457 458 1
457 497 1
458 418 1
458 457 1
458 459 1
458 498 1
459 419 1
459 458 1
459 460 1
459 499 1
460 420 1
460 459 1
460 461 1
460 500 1
461 421 1
461 460 1
461 462 1
461 501 1
462 422 1
462 461 1
462 463 1
462 502 1
463 423 1
463 462 1
463 464 1
463 503 1
464 424 1
464 463 1
464 465 1
464 504 1
465 425 1
465 464 1
465 466 1
465 505 1
466 426 1
466 465 1
466 467 1
466 506 1
467 427 1
467 466 1
467 468 1
467 507 1
468 428 1
468 467 1
468 469 1
468 508 1
469 429 1
469 468 1
469 470 1
469 509 1
470 430 1
470 469 1
470 471 1
470 510 1
471 431 1
471 470 1
471 472 1
471 511 1
472 432 1
472 471 1
472 473 1
472 512 1
473 433 1
473 472 1
473 474 1
473 513 1
474 434 1
474 473 1
474 475 1
474 514 1
475 435 1
475 474 1
475 476 1
475 515 1
476 436 1
476 475 1
476 477 1
476 516 1
477 437 1
477 476 1
477 478 1
477 517 1
478 438 1
478 477 1
478 479 1
478 518 1
479 439 1
479 478 1
479 480 1
479 519 1
480 440 1
480 479 1
480 520 1
481 441 1
481 482 1
481 521 1
482 442 1
482 481 1
482 483 1
482 522 1
483 443 1
483 482 1
483 484 1
483 523 1
484 444 1
484 483 1
484 485 1
484 524 1
485 445 1
485 484 1
485 486 1
485 525 1
486 446 1
486 485 1
486 487 1
486 526 1
487 447 1
487 486 1
487 488 1
487 527 1
488 448 1
488 487 1
488 489 1
488 528 1
489 449 1
489 488 1
489 490 1
489 529 1
490 450 1
490 489 1
490 491 1
490 530 1
491 451 1
491 490 1
491 492 1
491 531 1
492 452 1
492 491 1
492 493 1
492 532 1
493 453 1
493 492 1
493 494 1
493 533 1
494 454 1
494 493 1
494 495 1
494 534 1
495 455 1
495 494 1
495 496 1
495 535 1
496 456 1
496 495 1
496 497 1
496 536 1
497 457 1
497 496 1
497 498 1
497 537 1
498 458 1
498 497 1
498 499 1
498 538 1
499 459 1
499 498 1
499 500 1
499 539 1
500 460 1
500 499 1
500 501 1
500 540 1
501 461 1
501 500 1
501 502 1
501 541 1
502 462 1
502 501 1
502 503 1
502 542 1
503 463 1
503 502 1
503 504 1
503 543 1
504 464 1
504 503 1
504 505 1
504 544 1
505 465 1
505 504 1
505 506 1
505 545 1
506 466 1
506 505 1
506 507 1
506 546 1
507 467 1
507 506 1
507 508 1
507 547 1
508 468 1
508 507 1
508 509 1
508 548 1
509 469 1
509 508 1
509 510 1
509 549 1
510 470 1
510 509 1
510 511 1
510 550 1
511 471 1
511 510 1
511 512 1
511 551 1
512 472 1
512 511 1
512 513 1
512 552 1
513 473 1
513 512 1
513 514 1
513 553 1
514 474 1
514 513 1
514 515 1
514 554 1
515 475 1
515 514 1
515 516 1
515 555 1
516 476 1
516 515 1
516 517 1
516 556 1
517 477 1
517 516 1
517 518 1
517 557 1
518 478 1
518 517 1
518 519 1
518 558 1
519 479 1
519 518 1
519 520 1
519 559 1
520 480 1
520 519 1
520 560 1
521 481 1
521 522 1
521 561 1
522 482 1
522 521 1
522 523 1
522 562 1
523 483 1
523 522 1
523 524 1
523 563 1
524 484 1
524 523 1
524 525 1
524 564 1
525 485 1
525 524 1
525 526 1
525 565 1
526 486 1
526 525 1
526 527 1
526 566 1
527 487 1
527 526 1
527 528 1
527 567 1
528 488 1
528 527 1
528 529 1
528 568 1
529 489 1
529 528 1
529 530 1
529 569 1
530 490 1
530 529 1
530 531 1
530 570 1
531 491 1
531 530 1
531 532 1
531 571 1
532 492 1
532 531 1
532 533 1
532 572 1
533 493 1
533 532 1
533 534 1
533 573 1
534 494 1
534 533 1
534 535 1
534 574 1
535 495 1
535 534 1
535 536 1
535 575 1
536 496 1
536 535 1
536 537 1
536 576 1
537 497 1
537 536 1
537 538 1
537 577 1
538 498 1
538 537 1
538 539 1
538 578 1
539 499 1
539 538 1
539 540 1
539 579 1
540 500 1
540 539 1
540 541 1
540 580 1
541 501 1
541 540 1
541 542 1
541 581 1
542 502 1
542 541 1
542 543 1
542 582 1
543 503 1
543 542 1
543 544 1
543 583 1
544 504 1
544 543 1
544 545 1
544 584 1
545 505 1
545 544 1
545 546 1
545 585 1
546 506 1
546 545 1
546 547 1
546 586 1
547 507 1
547 546 1
547 548 1
547 587 1
548 508 1
548 547 1
548 549 1
548 588 1
549 509 1
549 548 1
549 550 1
549 589 1
550 510 1
550 549 1
550 551 1
550 590 1
551 511 1
551 550 1
551 552 1
551 591 1
552 512 1
552 551 1
552 553 1
552 592 1
553 513 1
553 552 1
553 554 1
553 593 1
554 514 1
554 553 1
554 555 1
554 594 1
555 515 1
555 554 1
555 556 1
555 595 1
556 516 1
556 555 1
556 557 1
556 596 1
557 517 1
557 556 1
557 558 1
557 597 1
558 518 1
558 557 1
558 559 1
558 598 1
559 519 1
559 558 1
559 560 1
559 599 1
560 520 1
560 559 1
560 600 1
561 521 1
561 562 1
561 601 1
562 522 1
562 561 1
562 563 1
562 602 1
563 523 1
563 562 1
563 564 1
563 603 1
564 524 1
564 563 1
564 565 1
564 604 1
565 525 1
565 564 1
565 566 1
565 605 1
566 526 1
566 565 1
566 567 1
566 606 1
567 527 1
567 566 1
567 568 1
567 607 1
568 528 1
568 567 1
568 569 1
568 608 1
569 529 1
569 568 1
569 570 1
569 609 1
570 530 1
570 569 1
570 571 1
570 610 1
571 531 1
571 570 1
571 572 1
571 611 1
572 532 1
572 571 1
572 573 1
572 612 1
573 533 1
573 572 1
573 574 1
573 613 1
574 534 1
574 573 1
574 575 1
574 614 1
575 535 1
575 574 1
575 576 1
575 615 1
576 536 1
576 575 1
576 577 1
576 616 1
577 537 1
577 576 1
577 578 1
577 617 1
578 538 1
578 577 1
578 579 1
578 618 1
579 539 1
579 578 1
579 580 1
579 619 1
580 540 1
580 579 1
580 581 1
580 620 1
581 541 1
581 580 1
581 582 1
581 621 1
582 542 1
582 581 1
582 583 1
582 622 1
583 543 1
583 582 1
583 584 1
583 623 1
584 544 1
584 583 1
584 585 1
584 624 1
585 545 1
585 584 1
585 586 1
585 625 1
586 546 1
586 585 1
586 587 1
586 626 1
587 547 1
587 586 1
587 588 1
587 627 1
588 548 1
588 587 1
588 589 1
588 628 1
589 549 1
589 588 1
589 590 1
589 629 1
590 550 1
590 589 1
590 591 1
590 630 1
591 551 1
591 590 1
591 592 1
591 631 1
592 552 1
592 591 1
592 593 1
592 632 1
593 553 1
593 592 1
593 594 1
593 633 1
594 554 1
594 593 1
594 595 1
594 634 1
595 555 1
595 594 1
595 596 1
595 635 1
596 556 1
596 595 1
596 597 1
596 636 1
597 557 1
597 596 1
597 598 1
597 637 1
598 558 1
598 597 1
598 599 1
598 638 1
599 559 1
599 598 1
599 600 1
599 639 1
600 560 1
600 599 1
600 640 1
601 561 1
601 602 1
601 641 1
602 562 1
602 601 1
602 603 1
602 642 1
603 563 1
603 602 1
603 604 1
603 643 1
604 564 1
604 603 1
604 605 1
604 644 1
605 565 1
605 604 1
605 606 1
605 645 1
606 566 1
606 605 1
606 607 1
606 646 1
607 567 1
607 606 1
607 608 1
607 647 1
608 568 1
608 607 1
608 609 1
608 648 1
609 569 1
609 608 1
609 610 1
609 649 1
610 570 1
610 609 1
610 611 1
610 650 1
611 571 1
611 610 1
611 612 1
611 651 1
612 572 1
612 611 1
612 613 1
612 652 1
613 573 1
613 612 1
613 614 1
613 653 1
614 574 1
614 613 1
614 615 1
614 654 1
615 575 1
615 614 1
615 616 1
615 655 1
616 576 1
616 615 1
616 617 1
616 656 1
617 577 1
617 616 1
617 618 1
617 657 1
618 578 1
618 617 1
618 619 1
618 658 1
619 579 1
619 618 1
619 620 1
619 659 1
620 580 1
620 619 1
620 621 1
620 660 1
621 581 1
621 620 1
621 622 1
621 661 1
622 582 1
622 621 1
622 623 1
622 662 1
623 583 1
623 622 1
623 624 1
623 663 1
624 584 1
624 623 1
624 625 1
624 664 1
625 585 1
625 624 1
625 626 1
625 665 1
626 586 1
626 625 1
626 627 1
626 666 1
627 587 1
627 626 1
627 628 1
627 667 1
628 588 1
628 627 1
628 629 1
628 668 1
629 589 1
629 628 1
629 630 1
629 669 1
630 590 1
630 629 1
630 631 1
630 670 1
631 591 1
631 630 1
631 632 1
631 671 1
632 592 1
632 631 1
632 633 1
632 672 1
633 593 1
633 632 1
633 634 1
633 673 1
634 594 1
634 633 1
634 635 1
634 674 1
635 595 1
635 634 1
635 636 1
635 675 1
636 596 1
636 635 1
636 637 1
636 676 1
637 597 1
637 636 1
637 638 1
637 677 1
638 598 1
638 637 1
638 639 1
638 678 1
639 599 1
639 638 1
639 640 1
639 679 1
640 600 1
640 639 1
640 680 1
641 601 1
641 642 1
641 681 1
642 602 1
642 641 1
642 643 1
642 682 1
643 603 1
643 642 1
643 644 1
643 683 1
644 604 1
644 643 1
644 645 1
644 684 1
645 605 1
645 644 1
645 646 1
645 685 1
646 606 1
646 645 1
646 647 1
646 686 1
647 607 1
647 646 1
647 648 1
647 687 1
648 608 1
648 647 1
648 649 1
648 688 1
649 609 1
649 648 1
649 650 1
649 689 1
650 610 1
650 649 1
650 651 1
650 690 1
651 611 1
651 650 1
651 652 1
651 691 1
652 612 1
652 651 1
652 653 1
652 692 1
653 613 1
653 652 1
653 654 1
653 693 1
654 614 1
654 653 1
654 655 1
654 694 1
655 615 1
655 654 1
655 656 1
655 695 1
656 616 1
656 655 1
656 657 1
656 696 1
657 617 1
657 656 1
657 658 1
657 697 1
658 618 1
658 657 1
658 659 1
658 698 1
659 619 1
659 658 1
659 660 1
659 699 1
660 620 1
660 659 1
660 661 1
660 700 1
661 621 1
661 660 1
661 662 1
661 701 1
662 622 1
662 661 1
662 663 1
662 702 1
663 623 1
663 662 1
663 664 1
663 703 1
664 624 1
664 663 1
664 665 1
664 704 1
665 625 1
665 664 1
665 666 1
665 705 1
666 626 1
666 665 1
666 667 1
666 706 1
667 627 1
667 666 1
667 668 1
667 707 1
668 628 1
668 667 1
668 669 1
668 708 1
669 629 1
669 668 1
669 670 1
669 709 1
670 630 1
670 669 1
670 671 1
670 710 1
671 631 1
671 670 1
671 672 1
671 711 1
672 632 1
672 671 1
672 673 1
672 712 1
673 633 1
673 672 1
673 674 1
673 713 1
674 634 1
674 673 1
674 675 1
674 714 1
675 635 1
675 674 1
675 676 1
675 715 1
676 636 1
676 675 1
676 677 1
676 716 1
677 637 1
677 676 1
677 678 1
677 717 1
678 638 1
678 677 1
678 679 1
678 718 1
679 639 1
679 678 1
679 680 1
679 719 1
680 640 1
680 679 1
680 720 1
681 641 1
681 682 1
681 721 1
682 642 1
682 681 1
682 683 1
682 722 1
683 643 1
683 682 1
683 684 1
683 723 1
684 644 1
684 683 1
684 685 1
684 724 1
685 645 1
685 684 1
685 686 1
685 725 1
686 646 1
686 685 1
686 687 1
686 726 1
687 647 1
687 686 1
687 688 1
687 727 1
688 648 1
688 687 1
688 689 1
688 728 1
689 649 1
689 688 1
689 690 1
689 729 1
690 650 1
690 689 1
690 691 1
690 730 1
691 651 1
691 690 1
691 692 1
691 731 1
692 652 1
692 691 1
692 693 1
692 732 1
693 653 1
693 692 1
693 694 1
693 733 1
694 654 1
694 693 1
694 695 1
694 734 1
695 655 1
695 694 1
695 696 1
695 735 1
696 656 1
696 695 1
696 697 1
696 736 1
697 657 1
697 696 1
697 698 1
697 737 1
698 658 1
698 697 1
698 699 1
698 738 1
699 659 1
699 698 1
699 700 1
699 739 1
700 660 1
700 699 1
700 701 1
700 740 1
701 661 1
701 700 1
701 702 1
701 741 1
702 662 1
702 701 1
702 703 1
702 742 1
703 663 1
703 702 1
703 704 1
703 743 1
704 664 1
704 703 1
704 705 1
704 744 1
705 665 1
705 704 1
705 706 1
705 745 1
706 666 1
706 705 1
706 707 1
706 746 1
707 667 1
707 706 1
707 708 1
707 747 1
708 668 1
708 707 1
708 709 1
708 748 1
709 669 1
709 708 1
709 710 1
709 749 1
710 670 1
710 709 1
710 711 1
710 750 1
711 671 1
711 710 1
711 712 1
711 751 1
712 672 1
712 711 1
712 713 1
712 752 1
713 673 1
713 712 1
713 714 1
713 753 1
714 674 1
714 713 1
714 715 1
714 754 1
715 675 1
715 714 1
715 716 1
715 755 1
716 676 1
716 715 1
716 717 1
716 756 1
717 677 1
717 716 1
717 718 1
717 757 1
718 678 1
718 717 1
718 719 1
718 758 1
719 679 1
719 718 1
719 720 1
719 759 1
720 680 1
720 719 1
720 760 1
721 681 1
721 722 1
721 761 1
722 682 1
722 721 1
722 723 1
722 762 1
723 683 1
723 722 1
723 724 1
723 763 1
724 684 1
724 723 1
724 725 1
724 764 1
725 685 1
725 724 1
725 726 1
725 765 1
726 686 1
726 725 1
726 727 1
726 766 1
727 687 1
727 726 1
727 728 1
727 767 1
728 688 1
728 727 1
728 729 1
728 768 1
729 689 1
729 728 1
729 730 1
729 769 1
730 690 1
730 729 1
730 731 1
730 770 1
731 691 1
731 730 1
731 732 1
731 771 1
732 692 1
732 731 1
732 733 1
732 772 1
733 693 1
733 732 1
733 734 1
733 773 1
734 694 1
734 733 1
734 735 1
734 774 1
735 695 1
735 734 1
735 736 1
735 775 1
736 696 1
736 735 1
736 737 1
736 776 1
737 697 1
737 736 1
737 738 1
737 777 1
738 698 1
738 737 1
738 739 1
738 778 1
739 699 1
739 738 1
739 740 1
739 779 1
740 700 1
740 739 1
740 741 1
740 780 1
741 701 1
741 740 1
741 742 1
741 781 1
742 702 1
742 741 1
742 743 1
742 782 1
743 703 1
743 742 1
743 744 1
743 783 1
744 704 1
744 743 1
744 745 1
744 784 1
745 705 1
745 744 1
745 746 1
745 785 1
746 706 1
746 745 1
746 747 1
746 786 1
747 707 1
747 746 1
747 748 1
747 787 1
748 708 1
748 747 1
748 749 1
748 788 1
749 709 1
749 748 1
749 750 1
749 789 1
750 710 1
750 749 1
750 751 1
750 790 1
751 711 1
751 750 1
751 752 1
751 791 1
752 712 1
752 751 1
752 753 1
752 792 1
753 713 1
753 752 1
753 754 1
753 793 1
754 714 1
754 753 1
754 755 1
754 794 1
755 715 1
755 754 1
755 756 1
755 795 1
756 716 1
756 755 1
756 757 1
756 796 1
757 717 1
757 756 1
757 758 1
757 797 1
758 718 1
758 757 1
758 759 1
758 798 1
759 719 1
759 758 1
759 760 1
759 799 1
760 720 1
760 759 1
760 800 1
761 721 1
761 762 1
761 801 1
762 722 1
762 761 1
762 763 1
762 802 1
763 723 1
763 762 1
763 764 1
763 803 1
764 724 1
764 763 1
764 765 1
764 804 1
765 725 1
765 764 1
765 766 1
765 805 1
766 726 1
766 765 1
766 767 1
766 806 1
767 727 1
767 766 1
767 768 1
767 807 1
768 728 1
768 767 1
768 769 1
768 808 1
769 729 1
769 768 1
769 770 1
769 809 1
770 730 1
770 769 1
770 771 1
770 810 1
771 731 1
771 770 1
771 772 1
771 811 1
772 732 1
772 771 1
772 773 1
772 812 1
773 733 1
773 772 1
773 774 1
773 813 1
774 734 1
774 773 1
774 775 1
774 814 1
775 735 1
775 774 1
775 776 1
775 815 1
776 736 1
776 775 1
776 777 1
776 816 1
777 737 1
777 776 1
777 778 1
777 817 1
778 738 1
778 777 1
778 779 1
778 818 1
779 739 1
779 778 1
779 780 1
779 819 1
780 740 1
780 779 1
780 781 1
780 820 1
781 741 1
781 780 1
781 782 1
781 821 1
782 742 1
782 781 1
782 783 1
782 822 1
783 743 1
783 782 1
783 784 1
783 823 1
784 744 1
784 783 1
784 785 1
784 824 1
785 745 1
785 784 1
785 786 1
785 825 1
786 746 1
786 785 1
786 787 1
786 826 1
787 747 1
787 786 1
787 788 1
787 827 1
788 748 1
788 787 1
788 789 1
788 828 1
789 749 1
789 788 1
789 790 1
789 829 1
790 750 1
790 789 1
790 791 1
790 830 1
791 751 1
791 790 1
791 792 1
791 831 1
792 752 1
792 791 1
792 793 1
792 832 1
793 753 1
793 792 1
793 794 1
793 833 1
794 754 1
794 793 1
794 795 1
794 834 1
795 755 1
795 794 1
795 796 1
795 835 1
796 756 1
796 795 1
796 797 1
796 836 1
797 757 1
797 796 1
797 798 1
797 837 1
798 758 1
798 797 1
798 799 1
798 838 1
799 759 1
799 798 1
799 800 1
799 839 1
800 760 1
800 799 1
800 840 1
801 761 1
801 802 1
801 841 1
802 762 1
802 801 1
802 803 1
802 842 1
803 763 1
803 802 1
803 804 1
803 843 1
804 764 1
804 803 1
804 805 1
804 844 1
805 765 1
805 804 1
805 806 1
805 845 1
806 766 1
806 805 1
806 807 1
806 846 1
807 767 1
807 806 1
807 808 1
807 847 1
808 768 1
808 807 1
808 809 1
808 848 1
809 769 1
809 808 1
809 810 1
809 849 1
810 770 1
810 809 1
810 811 1
810 850 1
811 771 1
811 810 1
811 812 1
811 851 1
812 772 1
812 811 1
812 813 1
812 852 1
813 773 1
813 812 1
813 814 1
813 853 1
814 774 1
814 813 1
814 815 1
814 854 1
815 775 1
815 814 1
815 816 1
815 855 1
816 776 1
816 815 1
816 817 1
816 856 1
817 777 1
817 816 1
817 818 1
817 857 1
818 778 1
818 817 1
818 819 1
818 858 1
819 779 1
819 818 1
819 820 1
819 859 1
820 780 1
820 819 1
820 821 1
820 860 1
821 781 1
821 820 1
821 822 1
821 861 1
822 782 1
822 821 1
822 823 1
822 862 1
823 783 1
823 822 1
823 824 1
823 863 1
824 784 1
824 823 1
824 825 1
824 864 1
825 785 1
825 824 1
825 826 1
825 865 1
826 786 1
826 825 1
826 827 1
826 866 1
827 787 1
827 826 1
827 828 1
827 867 1
828 788 1
828 827 1
828 829 1
828 868 1
829 789 1
829 828 1
829 830 1
829 869 1
830 790 1
830 829 1
830 831 1
830 870 1
831 791 1
831 830 1
831 832 1
831 871 1
832 792 1
832 831 1
832 833 1
832 872 1
833 793 1
833 832 1
833 834 1
833 873 1
834 794 1
834 833 1
834 835 1
834 874 1
835 795 1
835 834 1
835 836 1
835 875 1
836 796 1
836 835 1
836 837 1
836 876 1
837 797 1
837 836 1
837 838 1
837 877 1
838 798 1
838 837 1
838 839 1
838 878 1
839 799 1
839 838 1
839 840 1
839 879 1
840 800 1
840 839 1
840 880 1
841 801 1
841 842 1
841 881 1
842 802 1
842 841 1
842 843 1
842 882 1
843 803 1
843 842 1
843 844 1
843 883 1
844 804 1
844 843 1
844 845 1
844 884 1
845 805 1
845 844 1
845 846 1
845 885 1
846 806 1
846 845 1
846 847 1
846 886 1
847 807 1
847 846 1
847 848 1
847 887 1
848 808 1
848 847 1
848 849 1
848 888 1
849 809 1
849 848 1
849 850 1
849 889 1
850 810 1
850 849 1
850 851 1
850 890 1
851 811 1
851 850 1
851 852 1
851 891 1
852 812 1
852 851 1
852 853 1
852 892 1
853 813 1
853 852 1
853 854 1
853 893 1
854 814 1
854 853 1
854 855 1
854 894 1
855 815 1
855 854 1
855 856 1
855 895 1
856 816 1
856 855 1
856 857 1
856 896 1
857 817 1
857 856 1
857 858 1
857 897 1
858 818 1
858 857 1
858 859 1
858 898 1
859 819 1
859 858 1
859 860 1
859 899 1
860 820 1
860 859 1
860 861 1
860 900 1
861 821 1
861 860 1
861 862 1
861 901 1
862 822 1
862 861 1
862 863 1
862 902 1
863 823 1
863 862 1
863 864 1
863 903 1
864 824 1
864 863 1
864 865 1
864 904 1
865 825 1
865 864 1
865 866 1
865 905 1
866 826 1
866 865 1
866 867 1
866 906 1
867 827 1
867 866 1
867 868 1
867 907 1
868 828 1
868 867 1
868 869 1
868 908 1
869 829 1
869 868 1
869 870 1
869 909 1
870 830 1
870 869 1
870 871 1
870 910 1
871 831 1
871 870 1
871 872 1
871 911 1
872 832 1
872 871 1
872 873 1
872 912 1
873 833 1
873 872 1
873 874 1
873 913 1
874 834 1
874 873 1
874 875 1
874 914 1
875 835 1
875 874 1
875 876 1
875 915 1
876 836 1
876 875 1
876 877 1
876 916 1
877 837 1
877 876 1
877 878 1
877 917 1
878 838 1
878 877 1
878 879 1
878 918 1
879 839 1
879 878 1
879 880 1
879 919 1
880 840 1
880 879 1
880 920 1
881 841 1
881 882 1
881 921 1
882 842 1
882 881 1
882 883 1
882 922 1
883 843 1
883 882 1
883 884 1
883 923 1
884 844 1
884 883 1
884 885 1
884 924 1
885 845 1
885 884 1
885 886 1
885 925 1
886 846 1
886 885 1
886 887 1
886 926 1
887 847 1
887 886 1
887 888 1
887 927 1
888 848 1
888 887 1
888 889 1
888 928 1
889 849 1
889 888 1
889 890 1
889 929 1
890 850 1
890 889 1
890 891 1
890 930 1
891 851 1
891 890 1
891 892 1
891 931 1
892 852 1
892 891 1
892 893 1
892 932 1
893 853 1
893 892 1
893 894 1
893 933 1
894 854 1
894 893 1
894 895 1
894 934 1
895 855 1
895 894 1
895 896 1
895 935 1
896 856 1
896 895 1
896 897 1
896 936 1
897 857 1
897 896 1
897 898 1
897 937 1
898 858 1
898 897 1
898 899 1
898 938 1
899 859 1
899 898 1
899 900 1
899 939 1
900 860 1
900 899 1
900 901 1
900 940 1
901 861 1
901 900 1
901 902 1
901 941 1
902 862 1
902 901 1
902 903 1
902 942 1
903 863 1
903 902 1
903 904 1
903 943 1
904 864 1
904 903 1
904 905 1
904 944 1
905 865 1
905 904 1
905 906 1
905 945 1
906 866 1
906 905 1
906 907 1
906 946 1
907 867 1
907 906 1
907 908 1
907 947 1
908 868 1
908 907 1
908 909 1
908 948 1
909 869 1
909 908 1
909 910 1
909 949 1
910 870 1
910 909 1
910 911 1
910 950 1
911 871 1
911 910 1
911 912 1
911 951 1
912 872 1
912 911 1
912 913 1
912 952 1
913 873 1
913 912 1
913 914 1
913 953 1
914 874 1
914 913 1
914 915 1
914 954 1
915 875 1
915 914 1
915 916 1
915 955 1
916 876 1
916 915 1
916 917 1
916 956 1
917 877 1
917 916 1
917 918 1
917 957 1
918 878 1
918 917 1
918 919 1
918 958 1
919 879 1
919 918 1
919 920 1
919 959 1
920 880 1
920 919 1
920 960 1
921 881 1
921 922 1
921 961 1
922 882 1
922 921 1
922 923 1
922 962 1
923 883 1
923 922 1
923 924 1
923 963 1
924 884 1
924 923 1
924 925 1
924 964 1
925 885 1
925 924 1
925 926 1
925 965 1
926 886 1
926 925 1
926 927 1
926 966 1
927 887 1
927 926 1
927 928 1
927 967 1
928 888 1
928 927 1
928 929 1
928 968 1
929 889 1
929 928 1
929 930 1
929 969 1
930 890 1
930 929 1
930 931 1
930 970 1
931 891 1
931 930 1
931 932 1
931 971 1
932 892 1
932 931 1
932 933 1
932 972 1
933 893 1
933 932 1
933 934 1
933 973 1
934 894 1
934 933 1
934 935 1
934 974 1
935 895 1
935 934 1
935 936 1
935 975 1
936 896 1
936 935 1
936 937 1
936 976 1
937 897 1
937 936 1
937 938 1
937 977 1
938 898 1
938 937 1
938 939 1
938 978 1
939 899 1
939 938 1
939 940 1
939 979 1
940 900 1
940 939 1
940 941 1
940 980 1
941 901 1
941 940 1
941 942 1
941 981 1
942 902 1
942 941 1
942 943 1
942 982 1
943 903 1
943 942 1
943 944 1
943 983 1
944 904 1
944 943 1
944 945 1
944 984 1
945 905 1
945 944 1
945 946 1
945 985 1
946 906 1
946 945 1
946 947 1
946 986 1
947 907 1
947 946 1
947 948 1
947 987 1
948 908 1
948 947 1
948 949 1
948 988 1
949 909 1
949 948 1
949 950 1
949 989 1
950 910 1
950 949 1
950 951 1
950 990 1
951 911 1
951 950 1
951 952 1
951 991 1
952 912 1
952 951 1
952 953 1
952 992 1
953 913 1
953 952 1
953 954 1
953 993 1
954 914 1
954 953 1
954 955 1
954 994 1
955 915 1
955 954 1
955 956 1
955 995 1
956 916 1
956 955 1
956 957 1
956 996 1
957 917 1
957 956 1
957 958 1
957 997 1
958 918 1
958 957 1
958 959 1
958 998 1
959 919 1
959 958 1
959 960 1
959 999 1
960 920 1
960 959 1
960 1000 1
961 921 1
961 962 1
961 1001 1
962 922 1
962 961 1
962 963 1
962 1002 1
963 923 1
963 962 1
963 964 1
963 1003 1
964 924 1
964 963 1
964 965 1
964 1004 1
965 925 1
965 964 1
965 966 1
965 1005 1
966 926 1
966 965 1
966 967 1
966 1006 1
967 927 1
967 966 1
967 968 1
967 1007 1
968 928 1
968 967 1
968 969 1
968 1008 1
969 929 1
969 968 1
969 970 1
969 1009 1
970 930 1
970 969 1
970 971 1
970 1010 1
971 931 1
971 970 1
971 972 1
971 1011 1
972 932 1
972 971 1
972 973 1
972 1012 1
973 933 1
973 972 1
973 974 1
973 1013 1
974 934 1
974 973 1
974 975 1
974 1014 1
975 935 1
975 974 1
975 976 1
975 1015 1
976 936 1
976 975 1
976 977 1
976 1016 1
977 937 1
977 976 1
977 978 1
977 1017 1
978 938 1
978 977 1
978 979 1
978 1018 1
979 939 1
979 978 1
979 980 1
979 1019 1
980 940 1
980 979 1
980 981 1
980 1020 1
981 941 1
981 980 1
981 982 1
981 1021 1
982 942 1
982 981 1
982 983 1
982 1022 1
983 943 1
983 982 1
983 984 1
983 1023 1
984 944 1
984 983 1
984 985 1
984 1024 1
985 945 1
985 984 1
985 986 1
985 1025 1
986 946 1
986 985 1
986 987 1
986 1026 1
987 947 1
987 986 1
987 988 1
987 1027 1
988 948 1
988 987 1
988 989 1
988 1028 1
989 949 1
989 988 1
989 990 1
989 1029 1
990 950 1
990 989 1
990 991 1
990 1030 1
991 951 1
991 990 1
991 992 1
991 1031 1
992 952 1
992 991 1
992 993 1
992 1032 1
993 953 1
993 992 1
993 994 1
993 1033 1
994 954 1
994 993 1
994 995 1
994 1034 1
995 955 1
995 994 1
995 996 1
995 1035 1
996 956 1
996 995 1
996 997 1
996 1036 1
997 957 1
997 996 1
997 998 1
997 1037 1
998 958 1
998 997 1
998 999 1
998 1038 1
999 959 1
999 998 1
999 1000 1
999 1039 1
1000 960 1
1000 999 1
1000 1040 1
1001 961 1
1001 1002 1
1001 1041 1
1002 962 1
1002 1001 1
1002 1003 1
1002 1042 1
1003 963 1
1003 1002 1
1003 1004 1
1003 1043 1
1004 964 1
1004 1003 1
1004 1005 1
1004 1044 1
1005 965 1
1005 1004 1
1005 1006 1
1005 1045 1
1006 966 1
1006 1005 1
1006 1007 1
1006 1046 1
1007 967 1
1007 1006 1
1007 1008 1
1007 1047 1
1008 968 1
1008 1007 1
1008 1009 1
1008 1048 1
1009 969 1
1009 1008 1
1009 1010 1
1009 1049 1
1010 970 1
1010 1009 1
1010 1011 1
1010 1050 1
1011 971 1
1011 1010 1
1011 1012 1
1011 1051 1
1012 972 1
1012 1011 1
1012 1013 1
1012 1052 1
1013 973 1
1013 1012 1
1013 1014 1
1013 1053 1
1014 974 1
1014 1013 1
1014 1015 1
1014 1054 1
1015 975 1
1015 1014 1
1015 1016 1
1015 1055 1
1016 976 1
1016 1015 1
1016 1017 1
1016 1056 1
1017 977 1
1017 1016 1
1017 1018 1
1017 1057 1
1018 978 1
1018 1017 1
1018 1019 1
1018 1058 1
1019 979 1
1019 1018 1
1019 1020 1
1019 1059 1
1020 980 1
1020 1019 1
1020 1021 1
1020 1060 1
1021 981 1
1021 1020 1
1021 1022 1
1021 1061 1
1022 982 1
1022 1021 1
1022 1023 1
1022 1062 1
1023 983 1
1023 1022 1
1023 1024 1
1023 1063 1
1024 984 1
1024 1023 1
1024 1025 1
1024 1064 1
1025 985 1
1025 1024 1
1025 1026 1
1025 1065 1
1026 986 1
1026 1025 1
1026 1027 1
1026 1066 1
1027 987 1
1027 1026 1
1027 1028 1
1027 1067 1
1028 988 1
1028 1027 1
1028 1029 1
1028 1068 1
1029 989 1
1029 1028 1
1029 1030 1
1029 1069 1
1030 990 1
1030 1029 1
1030 1031 1
1030 1070 1
1031 991 1
1031 1030 1
1031 1032 1
1031 1071 1
1032 992 1
1032 1031 1
1032 1033 1
1032 1072 1
1033 993 1
1033 1032 1
1033 1034 1
1033 1073 1
1034 994 1
1034 1033 1
1034 1035 1
1034 1074 1
1035 995 1
1035 1034 1
1035 1036 1
1035 1075 1
1036 996 1
1036 1035 1
1036 1037 1
1036 1076 1
1037 997 1
1037 1036 1
1037 1038 1
1037 1077 1
1038 998 1
1038 1037 1
1038 1039 1
1038 1078 1
1039 999 1
1039 1038 1
1039 1040 1
1039 1079 1
1040 1000 1
1040 1039 1
1040 1080 1
1041 1001 1
1041 1042 1
1041 1081 1
1042 1002 1
1042 1041 1
1042 1043 1
1042 1082 1
1043 1003 1
1043 1042 1
1043 1044 1
1043 1083 1
1044 1004 1
1044 1043 1
1044 1045 1
1044 1084 1
1045 1005 1
1045 1044 1
1045 1046 1
1045 1085 1
1046 1006 1
1046 1045 1
1046 1047 1
1046 1086 1
1047 1007 1
1047 1046 1
1047 1048 1
1047 1087 1
1048 1008 1
1048 1047 1
1048 1049 1
1048 1088 1
1049 1009 1
1049 1048 1
1049 1050 1
1049 1089 1
1050 1010 1
1050 1049 1
1050 1051 1
1050 1090 1
1051 1011 1
1051 1050 1
1051 1052 1
1051 1091 1
1052 1012 1
1052 1051 1
1052 1053 1
1052 1092 1
1053 1013 1
1053 1052 1
1053 1054 1
1053 1093 1
1054 1014 1
1054 1053 1
1054 1055 1
1054 1094 1
1055 1015 1
1055 1054 1
1055 1056 1
1055 1095 1
1056 1016 1
1056 1055 1
1056 1057 1
1056 1096 1
1057 1017 1
1057 1056 1
1057 1058 1
1057 1097 1
1058 1018 1
1058 1057 1
1058 1059 1
1058 1098 1
1059 1019 1
1059 1058 1
1059 1060 1
1059 1099 1
1060 1020 1
1060 1059 1
1060 1061 1
1060 1100 1
1061 1021 1
1061 1060 1
1061 1062 1
1061 1101 1
1062 1022 1
1062 1061 1
1062 1063 1
1062 1102 1
1063 1023 1
1063 1062 1
1063 1064 1
1063 1103 1
1064 1024 1
1064 1063 1
1064 1065 1
1064 1104 1
1065 1025 1
1065 1064 1
1065 1066 1
1065 1105 1
1066 1026 1
1066 1065 1
1066 1067 1
1066 1106 1
1067 1027 1
1067 1066 1
1067 1068 1
1067 1107 1
1068 1028 1
1068 1067 1
1068 1069 1
1068 1108 1
1069 1029 1
1069 1068 1
1069 1070 1
1069 1109 1
1070 1030 1
1070 1069 1
1070 1071 1
1070 1110 1
1071 1031 1
1071 1070 1
1071 1072 1
1071 1111 1
1072 1032 1
1072 1071 1
1072 1073 1
1072 1112 1
1073 1033 1
1073 1072 1
1073 1074 1
1073 1113 1
1074 1034 1
1074 1073 1
1074 1075 1
1074 1114 1
1075 1035 1
1075 1074 1
1075 1076 1
1075 1115 1
1076 1036 1
1076 1075 1
1076 1077 1
1076 1116 1
1077 1037 1
1077 1076 1
1077 1078 1
1077 1117 1
1078 1038 1
1078 1077 1
1078 1079 1
1078 1118 1
1079 1039 1
1079 1078 1
1079 1080 1
1079 1119 1
1080 1040 1
1080 1079 1
1080 1120 1
1081 1041 1
1081 1082 1
1081 1121 1
1082 1042 1
1082 1081 1
1082 1083 1
1082 1122 1
1083 1043 1
1083 1082 1
1083 1084 1
1083 1123 1
1084 1044 1
1084 1083 1
1084 1085 1
1084 1124 1
1085 1045 1
1085 1084 1
1085 1086 1
1085 1125 1
1086 1046 1
1086 1085 1
1086 1087 1
1086 1126 1
1087 1047 1
1087 1086 1
1087 1088 1
1087 1127 1
1088 1048 1
1088 1087 1
1088 1089 1
1088 1128 1
1089 1049 1
1089 1088 1
1089 1090 1
1089 1129 1
1090 1050 1
1090 1089 1
1090 1091 1
1090 1130 1
1091 1051 1
1091 1090 1
1091 1092 1
1091 1131 1
1092 1052 1
1092 1091 1
1092 1093 1
1092 1132 1
1093 1053 1
1093 1092 1
1093 1094 1
1093 1133 1
1094 1054 1
1094 1093 1
1094 1095 1
1094 1134 1
1095 1055 1
1095 1094 1
1095 1096 1
1095 1135 1
1096 1056 1
1096 1095 1
1096 1097 1
1096 1136 1
1097 1057 1
1097 1096 1
1097 1098 1
1097 1137 1
1098 1058 1
1098 1097 1
1098 1099 1
1098 1138 1
1099 1059 1
1099 1098 1
1099 1100 1
1099 1139 1
1100 1060 1
1100 1099 1
1100 1101 1
1100 1140 1
1101 1061 1
1101 1100 1
1101 1102 1
1101 1141 1
1102 1062 1
1102 1101 1
1102 1103 1
1102 1142 1
1103 1063 1
1103 1102 1
1103 1104 1
1103 1143 1
1104 1064 1
1104 1103 1
1104 1105 1
1104 1144 1
1105 1065 1
1105 1104 1
1105 1106 1
1105 1145 1
1106 1066 1
1106 1105 1
1106 1107 1
1106 1146 1
1107 1067 1
1107 1106 1
1107 1108 1
1107 1147 1
1108 1068 1
1108 1107 1
1108 1109 1
1108 1148 1
1109 1069 1
1109 1108 1
1109 1110 1
1109 1149 1
1110 1070 1
1110 1109 1
1110 1111 1
1110 1150 1
1111 1071 1
1111 1110 1
1111 1112 1
1111 1151 1
1112 1072 1
1112 1111 1
1112 1113 1
1112 1152 1
1113 1073 1
1113 1112 1
1113 1114 1
1113 1153 1
1114 1074 1
1114 1113 1
1114 1115 1
1114 1154 1
1115 1075 1
1115 1114 1
1115 1116 1
1115 1155 1
1116 1076 1
1116 1115 1
1116 1117 1
1116 1156 1
1117 1077 1
1117 1116 1
1117 1118 1
1117 1157 1
1118 1078 1
1118 1117 1
1118 1119 1
1118 1158 1
1119 1079 1
1119 1118 1
1119 1120 1
1119 1159 1
1120 1080 1
1120 1119 1
1120 1160 1
1121 1081 1
1121 1122 1
1121 1161 1
1122 1082 1
1122 1121 1
1122 1123 1
1122 1162 1
1123 1083 1
1123 1122 1
1123 1124 1
1123 1163 1
1124 1084 1
1124 1123 1
1124 1125 1
1124 1164 1
1125 1085 1
1125 1124 1
1125 1126 1
1125 1165 1
1126 1086 1
1126 1125 1
1126 1127 1
1126 1166 1
1127 1087 1
1127 1126 1
1127 1128 1
1127 1167 1
1128 1088 1
1128 1127 1
1128 1129 1
1128 1168 1
1129 1089 1
1129 1128 1
1129 1130 1
1129 1169 1
1130 1090 1
1130 1129 1
1130 1131 1
1130 1170 1
1131 1091 1
1131 1130 1
1131 1132 1
1131 1171 1
1132 1092 1
1132 1131 1
1132 1133 1
1132 1172 1
1133 1093 1
1133 1132 1
1133 1134 1
1133 1173 1
1134 1094 1
1134 1133 1
1134 1135 1
1134 1174 1
1135 1095 1
1135 1134 1
1135 1136 1
1135 1175 1
1136 1096 1
1136 1135 1
1136 1137 1
1136 1176 1
1137 1097 1
1137 1136 1
1137 1138 1
1137 1177 1
1138 1098 1
1138 1137 1
1138 1139 1
1138 1178 1
1139 1099 1
1139 1138 1
1139 1140 1
1139 1179 1
1140 1100 1
1140 1139 1
1140 1141 1
1140 1180 1
1141 1101 1
1141 1140 1
1141 1142 1
1141 1181 1
1142 1102 1
1142 1141 1
1142 1143 1
1142 1182 1
1143 1103 1
1143 1142 1
1143 1144 1
1143 1183 1
1144 1104 1
1144 1143 1
1144 1145 1
1144 1184 1
1145 1105 1
1145 1144 1
1145 1146 1
1145 1185 1
1146 1106 1
1146 1145 1
1146 1147 1
1146 1186 1
1147 1107 1
1147 1146 1
1147 1148 1
1147 1187 1
1148 1108 1
1148 1147 1
1148 1149 1
1148 1188 1
1149 1109 1
1149 1148 1
1149 1150 1
1149 1189 1
1150 1110 1
1150 1149 1
1150 1151 1
1150 1190 1
1151 1111 1
1151 1150 1
1151 1152 1
1151 1191 1
1152 1112 1
1152 1151 1
1152 1153 1
1152 1192 1
1153 1113 1
1153 1152 1
1153 1154 1
1153 1193 1
1154 1114 1
1154 1153 1
1154 1155 1
1154 1194 1
1155 1115 1
1155 1154 1
1155 1156 1
1155 1195 1
1156 1116 1
1156 1155 1
1156 1157 1
1156 1196 1
1157 1117 1
1157 1156 1
1157 1158 1
1157 1197 1
1158 1118 1
1158 1157 1
1158 1159 1
1158 1198 1
1159 1119 1
1159 1158 1
1159 1160 1
1159 1199 1
1160 1120 1
1160 1159 1
1160 1200 1
1161 1121 1
1161 1162 1
1161 1201 1
1162 1122 1
1162 1161 1
1162 1163 1
1162 1202 1
1163 1123 1
1163 1162 1
1163 1164 1
1163 1203 1
1164 1124 1
1164 1163 1
1164 1165 1
1164 1204 1
1165 1125 1
1165 1164 1
1165 1166 1
1165 1205 1
1166 1126 1
1166 1165 1
1166 1167 1
1166 1206 1
1167 1127 1
1167 1166 1
1167 1168 1
1167 1207 1
1168 1128 1
1168 1167 1
1168 1169 1
1168 1208 1
1169 1129 1
1169 1168 1
1169 1170 1
1169 1209 1
1170 1130 1
1170 1169 1
1170 1171 1
1170 1210 1
1171 1131 1
1171 1170 1
1171 1172 1
1171 1211 1
1172 1132 1
1172 1171 1
1172 1173 1
1172 1212 1
1173 1133 1
1173 1172 1
1173 1174 1
1173 1213 1
1174 1134 1
1174 1173 1
1174 1175 1
1174 1214 1
1175 1135 1
1175 1174 1
1175 1176 1
1175 1215 1
1176 1136 1
1176 1175 1
1176 1177 1
1176 1216 1
1177 1137 1
1177 1176 1
1177 1178 1
1177 1217 1
1178 1138 1
1178 1177 1
1178 1179 1
1178 1218 1
1179 1139 1
1179 1178 1
1179 1180 1
1179 1219 1
1180 1140 1
1180 1179 1
1180 1181 1
1180 1220 1
1181 1141 1
1181 1180 1
1181 1182 1
1181 1221 1
1182 1142 1
1182 1181 1
1182 1183 1
1182 1222 1
1183 1143 1
1183 1182 1
1183 1184 1
1183 1223 1
1184 1144 1
1184 1183 1
1184 1185 1
1184 1224 1
1185 1145 1
1185 1184 1
1185 1186 1
1185 1225 1
1186 1146 1
1186 1185 1
1186 1187 1
1186 1226 1
1187 1147 1
1187 1186 1
1187 1188 1
1187 1227 1
1188 1148 1
1188 1187 1
1188 1189 1
1188 1228 1
1189 1149 1
1189 1188 1
1189 1190 1
1189 1229 1
1190 1150 1
1190 1189 1
1190 1191 1
1190 1230 1
1191 1151 1
1191 1190 1
1191 1192 1
1191 1231 1
1192 1152 1
1192 1191 1
1192 1193 1
1192 1232 1
1193 1153 1
1193 1192 1
1193 1194 1
1193 1233 1
1194 1154 1
1194 1193 1
1194 1195 1
1194 1234 1
1195 1155 1
1195 1194 1
1195 1196 1
1195 1235 1
1196 1156 1
1196 1195 1
1196 1197 1
1196 1236 1
1197 1157 1
1197 1196 1
1197 1198 1
1197 1237 1
1198 1158 1
1198 1197 1
1198 1199 1
1198 1238 1
1199 1159 1
1199 1198 1
1199 1200 1
1199 1239 1
1200 1160 1
1200 1199 1
1200 1240 1
1201 1161 1
1201 1202 1
1201 1241 1
1202 1162 1
1202 1201 1
1202 1203 1
1202 1242 1
1203 1163 1
1203 1202 1
1203 1204 1
1203 1243 1
1204 1164 1
1204 1203 1
1204 1205 1
1204 1244 1
1205 1165 1
1205 1204 1
1205 1206 1
1205 1245 1
1206 1166 1
1206 1205 1
1206 1207 1
1206 1246 1
1207 1167 1
1207 1206 1
1207 1208 1
1207 1247 1
1208 1168 1
1208 1207 1
1208 1209 1
1208 1248 1
1209 1169 1
1209 1208 1
1209 1210 1
1209 1249 1
1210 1170 1
1210 1209 1
1210 1211 1
1210 1250 1
1211 1171 1
1211 1210 1
1211 1212 1
1211 1251 1
1212 1172 1
1212 1211 1
1212 1213 1
1212 1252 1
1213 1173 1
1213 1212 1
1213 1214 1
1213 1253 1
1214 1174 1
1214 1213 1
1214 1215 1
1214 1254 1
1215 1175 1
1215 1214 1
1215 1216 1
1215 1255 1
1216 1176 1
1216 1215 1
1216 1217 1
1216 1256 1
1217 1177 1
1217 1216 1
1217 1218 1
1217 1257 1
1218 1178 1
1218 1217 1
1218 1219 1
1218 1258 1
1219 1179 1
1219 1218 1
1219 1220 1
1219 1259 1
1220 1180 1
1220 1219 1
1220 1221 1
1220 1260 1
1221 1181 1
1221 1220 1
1221 1222 1
1221 1261 1
1222 1182 1
1222 1221 1
1222 1223 1
1222 1262 1
1223 1183 1
1223 1222 1
1223 1224 1
1223 1263 1
1224 1184 1
1224 1223 1
1224 1225 1
1224 1264 1
1225 1185 1
1225 1224 1
1225 1226 1
1225 1265 1
1226 1186 1
1226 1225 1
1226 1227 1
1226 1266 1
1227 1187 1
1227 1226 1
1227 1228 1
1227 1267 1
1228 1188 1
1228 1227 1
1228 1229 1
1228 1268 1
1229 1189 1
1229 1228 1
1229 1230 1
1229 1269 1
1230 1190 1
1230 1229 1
1230 1231 1
1230 1270 1
1231 1191 1
1231 1230 1
1231 1232 1
1231 1271 1
1232 1192 1
1232 1231 1
1232 1233 1
1232 1272 1
1233 1193 1
1233 1232 1
1233 1234 1
1233 1273 1
1234 1194 1
1234 1233 1
1234 1235 1
1234 1274 1
1235 1195 1
1235 1234 1
1235 1236 1
1235 1275 1
1236 1196 1
1236 1235 1
1236 1237 1
1236 1276 1
1237 1197 1
1237 1236 1
1237 1238 1
1237 1277 1
1238 1198 1
1238 1237 1
1238 1239 1
1238 1278 1
1239 1199 1
1239 1238 1
1239 1240 1
1239 1279 1
1240 1200 1
1240 1239 1
1240 1280 1
1241 1201 1
1241 1242 1
1241 1281 1
1242 1202 1
1242 1241 1
1242 1243 1
1242 1282 1
1243 1203 1
1243 1242 1
1243 1244 1
1243 1283 1
1244 1204 1
1244 1243 1
1244 1245 1
1244 1284 1
1245 1205 1
1245 1244 1
1245 1246 1
1245 1285 1
1246 1206 1
1246 1245 1
1246 1247 1
1246 1286 1
1247 1207 1
1247 1246 1
1247 1248 1
1247 1287 1
1248 1208 1
1248 1247 1
1248 1249 1
1248 1288 1
1249 1209 1
1249 1248 1
1249 1250 1
1249 1289 1
1250 1210 1
1250 1249 1
1250 1251 1
1250 1290 1
1251 1211 1
1251 1250 1
1251 1252 1
1251 1291 1
1252 1212 1
1252 1251 1
1252 1253 1
1252 1292 1
1253 1213 1
1253 1252 1
1253 1254 1
1253 1293 1
1254 1214 1
1254 1253 1
1254 1255 1
1254 1294 1
1255 1215 1
1255 1254 1
1255 1256 1
1255 1295 1
1256 1216 1
1256 1255 1
1256 1257 1
1256 1296 1
1257 1217 1
1257 1256 1
1257 1258 1
1257 1297 1
1258 1218 1
1258 1257 1
1258 1259 1
1258 1298 1
1259 1219 1
1259 1258 1
1259 1260 1
1259 1299 1
1260 1220 1
1260 1259 1
1260 1261 1
1260 1300 1
1261 1221 1
1261 1260 1
1261 1262 1
1261 1301 1
1262 1222 1
1262 1261 1
1262 1263 1
1262 1302 1
1263 1223 1
1263 1262 1
1263 1264 1
1263 1303 1
1264 1224 1
1264 1263 1
1264 1265 1
1264 1304 1
1265 1225 1
1265 1264 1
1265 1266 1
1265 1305 1
1266 1226 1
1266 1265 1
1266 1267 1
1266 1306 1
1267 1227 1
1267 1266 1
1267 1268 1
1267 1307 1
1268 1228 1
1268 1267 1
1268 1269 1
1268 1308 1
1269 1229 1
1269 1268 1
1269 1270 1
1269 1309 1
1270 1230 1
1270 1269 1
1270 1271 1
1270 1310 1
1271 1231 1
1271 1270 1
1271 1272 1
1271 1311 1
1272 1232 1
1272 1271 1
1272 1273 1
1272 1312 1
1273 1233 1
1273 1272 1
1273 1274 1
1273 1313 1
1274 1234 1
1274 1273 1
1274 1275 1
1274 1314 1
1275 1235 1
1275 1274 1
1275 1276 1
1275 1315 1
1276 1236 1
1276 1275 1
1276 1277 1
1276 1316 1
1277 1237 1
1277 1276 1
1277 1278 1
1277 1317 1
1278 1238 1
1278 1277 1
1278 1279 1
1278 1318 1
1279 1239 1
1279 1278 1
1279 1280 1
1279 1319 1
1280 1240 1
1280 1279 1
1280 1320 1
1281 1241 1
1281 1282 1
1281 1321 1
1282 1242 1
1282 1281 1
1282 1283 1
1282 1322 1
1283 1243 1
1283 1282 1
1283 1284 1
1283 1323 1
1284 1244 1
1284 1283 1
1284 1285 1
1284 1324 1
1285 1245 1
1285 1284 1
1285 1286 1
1285 1325 1
1286 1246 1
1286 1285 1
1286 1287 1
1286 1326 1
1287 1247 1
1287 1286 1
1287 1288 1
1287 1327 1
1288 1248 1
1288 1287 1
1288 1289 1
1288 1328 1
1289 1249 1
1289 1288 1
1289 1290 1
1289 1329 1
1290 1250 1
1290 1289 1
1290 1291 1
1290 1330 1
1291 1251 1
1291 1290 1
1291 1292 1
1291 1331 1
1292 1252 1
1292 1291 1
1292 1293 1
1292 1332 1
1293 1253 1
1293 1292 1
1293 1294 1
1293 1333 1
1294 1254 1
1294 1293 1
1294 1295 1
1294 1334 1
1295 1255 1
1295 1294 1
1295 1296 1
1295 1335 1
1296 1256 1
1296 1295 1
1296 1297 1
1296 1336 1
1297 1257 1
1297 1296 1
1297 1298 1
1297 1337 1
1298 1258 1
1298 1297 1
1298 1299 1
1298 1338 1
1299 1259 1
1299 1298 1
1299 1300 1
1299 1339 1
1300 1260 1
1300 1299 1
1300 1301 1
1300 1340 1
1301 1261 1
1301 1300 1
1301 1302 1
1301 1341 1
1302 1262 1
1302 1301 1
1302 1303 1
1302 1342 1
1303 1263 1
1303 1302 1
1303 1304 1
1303 1343 1
1304 1264 1
1304 1303 1
1304 1305 1
1304 1344 1
1305 1265 1
1305 1304 1
1305 1306 1
1305 1345 1
1306 1266 1
1306 1305 1
1306 1307 1
1306 1346 1
1307 1267 1
1307 1306 1
1307 1308 1
1307 1347 1
1308 1268 1
1308 1307 1
1308 1309 1
1308 1348 1
1309 1269 1
1309 1308 1
1309 1310 1
1309 1349 1
1310 1270 1
1310 1309 1
1310 1311 1
1310 1350 1
1311 1271 1
1311 1310 1
1311 1312 1
1311 1351 1
1312 1272 1
1312 1311 1
1312 1313 1
1312 1352 1
1313 1273 1
1313 1312 1
1313 1314 1
1313 1353 1
1314 1274 1
1314 1313 1
1314 1315 1
1314 1354 1
1315 1275 1
1315 1314 1
1315 1316 1
1315 1355 1
1316 1276 1
1316 1315 1
1316 1317 1
1316 1356 1
1317 1277 1
1317 1316 1
1317 1318 1
1317 1357 1
1318 1278 1
1318 1317 1
1318 1319 1
1318 1358 1
1319 1279 1
1319 1318 1
1319 1320 1
1319 1359 1
1320 1280 1
1320 1319 1
1320 1360 1
1321 1281 1
1321 1322 1
1321 1361 1
1322 1282 1
1322 1321 1
1322 1323 1
1322 1362 1
1323 1283 1
1323 1322 1
1323 1324 1
1323 1363 1
1324 1284 1
1324 1323 1
1324 1325 1
1324 1364 1
1325 1285 1
1325 1324 1
1325 1326 1
1325 1365 1
1326 1286 1
1326 1325 1
1326 1327 1
1326 1366 1
1327 1287 1
1327 1326 1
1327 1328 1
1327 1367 1
1328 1288 1
1328 1327 1
1328 1329 1
1328 1368 1
1329 1289 1
1329 1328 1
1329 1330 1
1329 1369 1
1330 1290 1
1330 1329 1
1330 1331 1
1330 1370 1
1331 1291 1
1331 1330 1
1331 1332 1
1331 1371 1
1332 1292 1
1332 1331 1
1332 1333 1
1332 1372 1
1333 1293 1
1333 1332 1
1333 1334 1
1333 1373 1
1334 1294 1
1334 1333 1
1334 1335 1
1334 1374 1
1335 1295 1
1335 1334 1
1335 1336 1
1335 1375 1
1336 1296 1
1336 1335 1
1336 1337 1
1336 1376 1
1337 1297 1
1337 1336 1
1337 1338 1
1337 1377 1
1338 1298 1
1338 1337 1
1338 1339 1
1338 1378 1
1339 1299 1
1339 1338 1
1339 1340 1
1339 1379 1
1340 1300 1
1340 1339 1
1340 1341 1
1340 1380 1
1341 1301 1
1341 1340 1
1341 1342 1
1341 1381 1
1342 1302 1
1342 1341 1
1342 1343 1
1342 1382 1
1343 1303 1
1343 1342 1
1343 1344 1
1343 1383 1
1344 1304 1
1344 1343 1
1344 1345 1
1344 1384 1
1345 1305 1
1345 1344 1
1345 1346 1
1345 1385 1
1346 1306 1
1346 1345 1
1346 1347 1
1346 1386 1
1347 1307 1
1347 1346 1
1347 1348 1
1347 1387 1
1348 1308 1
1348 1347 1
1348 1349 1
1348 1388 1
1349 1309 1
1349 1348 1
1349 1350 1
1349 1389 1
1350 1310 1
1350 1349 1
1350 1351 1
1350 1390 1
1351 1311 1
1351 1350 1
1351 1352 1
1351 1391 1
1352 1312 1
1352 1351 1
1352 1353 1
1352 1392 1
1353 1313 1
1353 1352 1
1353 1354 1
1353 1393 1
1354 1314 1
1354 1353 1
1354 1355 1
1354 1394 1
1355 1315 1
1355 1354 1
1355 1356 1
1355 1395 1
1356 1316 1
1356 1355 1
1356 1357 1
1356 1396 1
1357 1317 1
1357 1356 1
1357 1358 1
1357 1397 1
1358 1318 1
1358 1357 1
1358 1359 1
1358 1398 1
1359 1319 1
1359 1358 1
1359 1360 1
1359 1399 1
1360 1320 1
1360 1359 1
1360 1400 1
1361 1321 1
1361 1362 1
1361 1401 1
1362 1322 1
1362 1361 1
1362 1363 1
1362 1402 1
1363 1323 1
1363 1362 1
1363 1364 1
1363 1403 1
1364 1324 1
1364 1363 1
1364 1365 1
1364 1404 1
1365 1325 1
1365 1364 1
1365 1366 1
1365 1405 1
1366 1326 1
1366 1365 1
1366 1367 1
1366 1406 1
1367 1327 1
1367 1366 1
1367 1368 1
1367 1407 1
1368 1328 1
1368 1367 1
1368 1369 1
1368 1408 1
1369 1329 1
1369 1368 1
1369 1370 1
1369 1409 1
1370 1330 1
1370 1369 1
1370 1371 1
1370 1410 1
1371 1331 1
1371 1370 1
1371 1372 1
1371 1411 1
1372 1332 1
1372 1371 1
1372 1373 1
1372 1412 1
1373 1333 1
1373 1372 1
1373 1374 1
1373 1413 1
1374 1334 1
1374 1373 1
1374 1375 1
1374 1414 1
1375 1335 1
1375 1374 1
1375 1376 1
1375 1415 1
1376 1336 1
1376 1375 1
1376 1377 1
1376 1416 1
1377 1337 1
1377 1376 1
1377 1378 1
1377 1417 1
1378 1338 1
1378 1377 1
1378 1379 1
1378 1418 1
1379 1339 1
1379 1378 1
1379 1380 1
1379 1419 1
1380 1340 1
1380 1379 1
1380 1381 1
1380 1420 1
1381 1341 1
1381 1380 1
1381 1382 1
1381 1421 1
1382 1342 1
1382 1381 1
1382 1383 1
1382 1422 1
1383 1343 1
1383 1382 1
1383 1384 1
1383 1423 1
1384 1344 1
1384 1383 1
1384 1385 1
1384 1424 1
1385 1345 1
1385 1384 1
1385 1386 1
1385 1425 1
1386 1346 1
1386 1385 1
1386 1387 1
1386 1426 1
1387 1347 1
1387 1386 1
1387 1388 1
1387 1427 1
1388 1348 1
1388 1387 1
1388 1389 1
1388 1428 1
1389 1349 1
1389 1388 1
1389 1390 1
1389 1429 1
1390 1350 1
1390 1389 1
1390 1391 1
1390 1430 1
1391 1351 1
1391 1390 1
1391 1392 1
1391 1431 1
1392 1352 1
1392 1391 1
1392 1393 1
1392 1432 1
1393 1353 1
1393 1392 1
1393 1394 1
1393 1433 1
1394 1354 1
1394 1393 1
1394 1395 1
1394 1434 1
1395 1355 1
1395 1394 1
1395 1396 1
1395 1435 1
1396 1356 1
1396 1395 1
1396 1397 1
1396 1436 1
1397 1357 1
1397 1396 1
1397 1398 1
1397 1437 1
1398 1358 1
1398 1397 1
1398 1399 1
1398 1438 1
1399 1359 1
1399 1398 1
1399 1400 1
1399 1439 1
1400 1360 1
1400 1399 1
1400 1440 1
1401 1361 1
1401 1402 1
1401 1441 1
1402 1362 1
1402 1401 1
1402 1403 1
1402 1442 1
1403 1363 1
1403 1402 1
1403 1404 1
1403 1443 1
1404 1364 1
1404 1403 1
1404 1405 1
1404 1444 1
1405 1365 1
1405 1404 1
1405 1406 1
1405 1445 1
1406 1366 1
1406 1405 1
1406 1407 1
1406 1446 1
1407 1367 1
1407 1406 1
1407 1408 1
1407 1447 1
1408 1368 1
1408 1407 1
1408 1409 1
1408 1448 1
1409 1369 1
1409 1408 1
1409 1410 1
1409 1449 1
1410 1370 1
1410 1409 1
1410 1411 1
1410 1450 1
1411 1371 1
1411 1410 1
1411 1412 1
1411 1451 1
1412 1372 1
1412 1411 1
1412 1413 1
1412 1452 1
1413 1373 1
1413 1412 1
1413 1414 1
1413 1453 1
1414 1374 1
1414 1413 1
1414 1415 1
1414 1454 1
1415 1375 1
1415 1414 1
1415 1416 1
1415 1455 1
1416 1376 1
1416 1415 1
1416 1417 1
1416 1456 1
1417 1377 1
1417 1416 1
1417 1418 1
1417 1457 1
1418 1378 1
1418 1417 1
1418 1419 1
1418 1458 1
1419 1379 1
1419 1418 1
1419 1420 1
1419 1459 1
1420 1380 1
1420 1419 1
1420 1421 1
1420 1460 1
1421 1381 1
1421 1420 1
1421 1422 1
1421 1461 1
1422 1382 1
1422 1421 1
1422 1423 1
1422 1462 1
1423 1383 1
1423 1422 1
1423 1424 1
1423 1463 1
1424 1384 1
1424 1423 1
1424 1425 1
1424 1464 1
1425 1385 1
1425 1424 1
1425 1426 1
1425 1465 1
1426 1386 1
1426 1425 1
1426 1427 1
1426 1466 1
1427 1387 1
1427 1426 1
1427 1428 1
1427 1467 1
1428 1388 1
1428 1427 1
1428 1429 1
1428 1468 1
1429 1389 1
1429 1428 1
1429 1430 1
1429 1469 1
1430 1390 1
1430 1429 1
1430 1431 1
1430 1470 1
1431 1391 1
1431 1430 1
1431 1432 1
1431 1471 1
1432 1392 1
1432 1431 1
1432 1433 1
1432 1472 1
1433 1393 1
1433 1432 1
1433 1434 1
1433 1473 1
1434 1394 1
1434 1433 1
1434 1435 1
1434 1474 1
1435 1395 1
1435 1434 1
1435 1436 1
1435 1475 1
1436 1396 1
1436 1435 1
1436 1437 1
1436 1476 1
1437 1397 1
1437 1436 1
1437 1438 1
1437 1477 1
1438 1398 1
1438 1437 1
1438 1439 1
1438 1478 1
1439 1399 1
1439 1438 1
1439 1440 1
1439 1479 1
1440 1400 1
1440 1439 1
1440 1480 1
1441 1401 1
1441 1442 1
1441 1481 1
1442 1402 1
1442 1441 1
1442 1443 1
1442 1482 1
1443 1403 1
1443 1442 1
1443 1444 1
1443 1483 1
1444 1404 1
1444 1443 1
1444 1445 1
1444 1484 1
1445 1405 1
1445 1444 1
1445 1446 1
1445 1485 1
1446 1406 1
1446 1445 1
1446 1447 1
1446 1486 1
1447 1407 1
1447 1446 1
1447 1448 1
1447 1487 1
1448 1408 1
1448 1447 1
1448 1449 1
1448 1488 1
1449 1409 1
1449 1448 1
1449 1450 1
1449 1489 1
1450 1410 1
1450 1449 1
1450 1451 1
1450 1490 1
1451 1411 1
1451 1450 1
1451 1452 1
1451 1491 1
1452 1412 1
1452 1451 1
1452 1453 1
1452 1492 1
1453 1413 1
1453 1452 1
1453 1454 1
1453 1493 1
1454 1414 1
1454 1453 1
1454 1455 1
1454 1494 1
1455 1415 1
1455 1454 1
1455 1456 1
1455 1495 1
1456 1416 1
1456 1455 1
1456 1457 1
1456 1496 1
1457 1417 1
1457 1456 1
1457 1458 1
1457 1497 1
1458 1418 1
1458 1457 1
1458 1459 1
1458 1498 1
1459 1419 1
1459 1458 1
1459 1460 1
1459 1499 1
1460 1420 1
1460 1459 1
1460 1461 1
1460 1500 1
1461 1421 1
1461 1460 1
1461 1462 1
1461 1501 1
1462 1422 1
1462 1461 1
1462 1463 1
1462 1502 1
1463 1423 1
1463 1462 1
1463 1464 1
1463 1503 1
1464 1424 1
1464 1463 1
1464 1465 1
1464 1504 1
1465 1425 1
1465 1464 1
1465 1466 1
1465 1505 1
1466 1426 1
1466 1465 1
1466 1467 1
1466 1506 1
1467 1427 1
1467 1466 1
1467 1468 1
1467 1507 1
1468 1428 1
1468 1467 1
1468 1469 1
1468 1508 1
1469 1429 1
1469 1468 1
1469 1470 1
1469 1509 1
1470 1430 1
1470 1469 1
1470 1471 1
1470 1510 1
1471 1431 1
1471 1470 1
1471 1472 1
1471 1511 1
1472 1432 1
1472 1471 1
1472 1473 1
1472 1512 1
1473 1433 1
1473 1472 1
1473 1474 1
1473 1513 1
1474 1434 1
1474 1473 1
1474 1475 1
1474 1514 1
1475 1435 1
1475 1474 1
1475 1476 1
1475 1515 1
1476 1436 1
1476 1475 1
1476 1477 1
1476 1516 1
1477 1437 1
1477 1476 1
1477 1478 1
1477 1517 1
1478 1438 1
1478 1477 1
1478 1479 1
1478 1518 1
1479 1439 1
1479 1478 1
1479 1480 1
1479 1519 1
1480 1440 1
1480 1479 1
1480 1520 1
1481 1441 1
1481 1482 1
1481 1521 1
1482 1442 1
1482 1481 1
1482 1483 1
1482 1522 1
1483 1443 1
1483 1482 1
1483 1484 1
1483 1523 1
1484 1444 1
1484 1483 1
1484 1485 1
1484 1524 1
1485 1445 1
1485 1484 1
1485 1486 1
1485 1525 1
1486 1446 1
1486 1485 1
1486 1487 1
1486 1526 1
1487 1447 1
1487 1486 1
1487 1488 1
1487 1527 1
1488 1448 1
1488 1487 1
1488 1489 1
1488 1528 1
1489 1449 1
1489 1488 1
1489 1490 1
1489 1529 1
1490 1450 1
1490 1489 1
1490 1491 1
1490 1530 1
1491 1451 1
1491 1490 1
1491 1492 1
1491 1531 1
1492 1452 1
1492 1491 1
1492 1493 1
1492 1532 1
1493 1453 1
1493 1492 1
1493 1494 1
1493 1533 1
1494 1454 1
1494 1493 1
1494 1495 1
1494 1534 1
1495 1455 1
1495 1494 1
1495 1496 1
1495 1535 1
1496 1456 1
1496 1495 1
1496 1497 1
1496 1536 1
1497 1457 1
1497 1496 1
1497 1498 1
1497 1537 1
1498 1458 1
1498 1497 1
1498 1499 1
1498 1538 1
1499 1459 1
1499 1498 1
1499 1500 1
1499 1539 1
1500 1460 1
1500 1499 1
1500 1501 1
1500 1540 1
1501 1461 1
1501 1500 1
1501 1502 1
1501 1541 1
1502 1462 1
1502 1501 1
1502 1503 1
1502 1542 1
1503 1463 1
1503 1502 1
1503 1504 1
1503 1543 1
1504 1464 1
1504 1503 1
1504 1505 1
1504 1544 1
1505 1465 1
1505 1504 1
1505 1506 1
1505 1545 1
1506 1466 1
1506 1505 1
1506 1507 1
1506 1546 1
1507 1467 1
1507 1506 1
1507 1508 1
1507 1547 1
1508 1468 1
1508 1507 1
1508 1509 1
1508 1548 1
1509 1469 1
1509 1508 1
1509 1510 1
1509 1549 1
1510 1470 1
1510 1509 1
1510 1511 1
1510 1550 1
1511 1471 1
1511 1510 1
1511 1512 1
1511 1551 1
1512 1472 1
1512 1511 1
1512 1513 1
1512 1552 1
1513 1473 1
1513 1512 1
1513 1514 1
1513 1553 1
1514 1474 1
1514 1513 1
1514 1515 1
1514 1554 1
1515 1475 1
1515 1514 1
1515 1516 1
1515 1555 1
1516 1476 1
1516 1515 1
1516 1517 1
1516 1556 1
1517 1477 1
1517 1516 1
1517 1518 1
1517 1557 1
1518 1478 1
1518 1517 1
1518 1519 1
1518 1558 1
1519 1479 1
1519 1518 1
1519 1520 1
1519 1559 1
1520 1480 1
1520 1519 1
1520 1560 1
1521 1481 1
1521 1522 1
1521 1561 1
1522 1482 1
1522 1521 1
1522 1523 1
1522 1562 1
1523 1483 1
1523 1522 1
1523 1524 1
1523 1563 1
1524 1484 1
1524 1523 1
1524 1525 1
1524 1564 1
1525 1485 1
1525 1524 1
1525 1526 1
1525 1565 1
1526 1486 1
1526 1525 1
1526 1527 1
1526 1566 1
1527 1487 1
1527 1526 1
1527 1528 1
1527 1567 1
1528 1488 1
1528 1527 1
1528 1529 1
1528 1568 1
1529 1489 1
1529 1528 1
1529 1530 1
1529 1569 1
1530 1490 1
1530 1529 1
1530 1531 1
1530 1570 1
1531 1491 1
1531 1530 1
1531 1532 1
1531 1571 1
1532 1492 1
1532 1531 1
1532 1533 1
1532 1572 1
1533 1493 1
1533 1532 1
1533 1534 1
1533 1573 1
1534 1494 1
1534 1533 1
1534 1535 1
1534 1574 1
1535 1495 1
1535 1534 1
1535 1536 1
1535 1575 1
1536 1496 1
1536 1535 1
1536 1537 1
1536 1576 1
1537 1497 1
1537 1536 1
1537 1538 1
1537 1577 1
1538 1498 1
1538 1537 1
1538 1539 1
1538 1578 1
1539 1499 1
1539 1538 1
1539 1540 1
1539 1579 1
1540 1500 1
1540 1539 1
1540 1541 1
1540 1580 1
1541 1501 1
1541 1540 1
1541 1542 1
1541 1581 1
1542 1502 1
1542 1541 1
1542 1543 1
1542 1582 1
1543 1503 1
1543 1542 1
1543 1544 1
1543 1583 1
1544 1504 1
1544 1543 1
1544 1545 1
1544 1584 1
1545 1505 1
1545 1544 1
1545 1546 1
1545 1585 1
1546 1506 1
1546 1545 1
1546 1547 1
1546 1586 1
1547 1507 1
1547 1546 1
1547 1548 1
1547 1587 1
1548 1508 1
1548 1547 1
1548 1549 1
1548 1588 1
1549 1509 1
1549 1548 1
1549 1550 1
1549 1589 1
1550 1510 1
1550 1549 1
1550 1551 1
1550 1590 1
1551 1511 1
1551 1550 1
1551 1552 1
1551 1591 1
1552 1512 1
1552 1551 1
1552 1553 1
1552 1592 1
1553 1513 1
1553 1552 1
1553 1554 1
1553 1593 1
1554 1514 1
1554 1553 1
1554 1555 1
1554 1594 1
1555 1515 1
1555 1554 1
1555 1556 1
1555 1595 1
1556 1516 1
1556 1555 1
1556 1557 1
1556 1596 1
1557 1517 1
1557 1556 1
1557 1558 1
1557 1597 1
1558 1518 1
1558 1557 1
1558 1559 1
1558 1598 1
1559 1519 1
1559 1558 1
1559 1560 1
1559 1599 1
1560 1520 1
1560 1559 1
1560 1600 1
1561 1521 1
1561 1562 1
1562 1522 1
1562 1561 1
1562 1563 1
1563 1523 1
1563 1562 1
1563 1564 1
1564 1524 1
1564 1563 1
1564 1565 1
1565 1525 1
1565 1564 1
1565 1566 1
1566 1526 1
1566 1565 1
1566 1567 1
1567 1527 1
1567 1566 1
1567 1568 1
1568 1528 1
1568 1567 1
1568 1569 1
1569 1529 1
1569 1568 1
1569 1570 1
1570 1530 1
1570 1569 1
1570 1571 1
1571 1531 1
1571 1570 1
1571 1572 1
1572 1532 1
1572 1571 1
1572 1573 1
1573 1533 1
1573 1572 1
1573 1574 1
1574 1534 1
1574 1573 1
1574 1575 1
1575 1535 1
1575 1574 1
1575 1576 1
1576 1536 1
1576 1575 1
1576 1577 1
1577 1537 1
1577 1576 1
1577 1578 1
1578 1538 1
1578 1577 1
1578 1579 1
1579 1539 1
1579 1578 1
1579 1580 1
1580 1540 1
1580 1579 1
1580 1581 1
1581 1541 1
1581 1580 1
1581 1582 1
1582 1542 1
1582 1581 1
1582 1583 1
1583 1543 1
1583 1582 1
1583 1584 1
1584 1544 1
1584 1583 1
1584 1585 1
1585 1545 1
1585 1584 1
1585 1586 1
1586 1546 1
1586 1585 1
1586 1587 1
1587 1547 1
1587 1586 1
1587 1588 1
1588 1548 1
1588 1587 1
1588 1589 1
1589 1549 1
1589 1588 1
1589 1590 1
1590 1550 1
1590 1589 1
1590 1591 1
1591 1551 1
1591 1590 1
1591 1592 1
1592 1552 1
1592 1591 1
1592 1593 1
1593 1553 1
1593 1592 1
1593 1594 1
1594 1554 1
1594 1593 1
1594 1595 1
1595 1555 1
1595 1594 1
1595 1596 1
1596 1556 1
1596 1595 1
1596 1597 1
1597 1557 1
1597 1596 1
1597 1598 1
1598 1558 1
1598 1597 1
1598 1599 1
1599 1559 1
1599 1598 1
1599 1600 1
1600 1560 1
1600 1599 1
