625 2400
1 2 1
1 26 1
2 1 1
2 3 1
2 27 1
3 2 1
3 4 1
3 28 1
4 3 1
4 5 1
4 29 1
5 4 1
5 6 1
5 30 1
6 5 1
6 7 1
6 31 1
7 6 1
7 8 1
7 32 1
8 7 1
8 9 1
8 33 1
9 8 1
9 10 1
9 34 1
10 9 1
10 11 1
10 35 1
11 10 1
11 12 1
11 36 1
12 11 1
12 13 1
12 37 1
13 12 1
13 14 1
13 38 1
14 13 1
14 15 1
14 39 1
15 14 1
15 16 1
15 40 1
16 15 1
16 17 1
16 41 1
17 16 1
17 18 1
17 42 1
18 17 1
18 19 1
18 43 1
19 18 1
19 20 1
19 44 1
20 19 1
20 21 1
20 45 1
21 20 1
21 22 1
21 46 1
22 21 1
22 23 1
22 47 1
23 22 1
23 24 1
23 48 1
24 23 1
24 25 1
24 49 1
25 24 1
25 50 1
26 1 1
26 27 1
26 51 1
27 2 1
27 26 1
27 28 1
27 52 1
28 3 1
28 27 1
28 29 1
28 53 1
29 4 1
29 28 1
29 30 1
29 54 1
30 5 1
30 29 1
30 31 1
30 55 1
31 6 1
31 30 1
31 32 1
31 56 1
32 7 1
32 31 1
32 33 1
32 57 1
33 8 1
33 32 1
33 34 1
33 58 1
34 9 1
34 33 1
34 35 1
34 59 1
35 10 1
35 34 1
35 36 1
35 60 1
36 11 1
36 35 1
36 37 1
36 61 1
37 12 1
37 36 1
37 38 1
37 62 1
38 13 1
38 37 1
38 39 1
38 63 1
39 14 1
39 38 1
39 40 1
39 64 1
40 15 1
40 39 1
40 41 1
40 65 1
41 16 1
41 40 1
41 42 1
41 66 1
42 17 1
42 41 1
42 43 1
42 67 1
43 18 1
43 42 1
43 44 1
43 68 1
44 19 1
44 43 1
44 45 1
44 69 1
45 20 1
45 44 1
45 46 1
45 70 1
46 21 1
46 45 1
46 47 1
46 71 1
47 22 1
47 46 1
47 48 1
47 72 1
48 23 1
48 47 1
48 49 1
48 73 1
49 24 1
49 48 1
49 50 1
49 74 1
50 25 1
50 49 1
50 75 1
51 26 1
51 52 1
51 76 1
52 27 1
52 51 1
52 53 1
52 77 1
53 28 1
53 52 1
53 54 1
53 78 1
54 29 1
54 53 1
54 55 1
54 79 1
55 30 1
55 54 1
55 56 1
55 80 1
56 31 1
56 55 1
56 57 1
56 81 1
57 32 1
57 56 1
57 58 1
57 82 1
58 33 1
58 57 1
58 59 1
58 83 1
59 34 1
59 58 1
59 60 1
59 84 1
60 35 1
60 59 1
60 61 1
60 85 1
61 36 1
61 60 1
61 62 1
61 86 1
62 37 1
62 61 1
62 63 1
62 87 1
63 38 1
63 62 1
63 64 1
63 88 1
64 39 1
64 63 1
64 65 1
64 89 1
65 40 1
65 64 1
65 66 1
65 90 1
66 41 1
66 65 1
66 67 1
66 91 1
67 42 1
67 66 1
67 68 1
67 92 1
68 43 1
68 67 1
68 69 1
68 93 1
69 44 1
69 68 1
69 70 1
69 94 1
70 45 1
70 69 1
70 71 1
70 95 1
71 46 1
71 70 1
71 72 1
71 96 1
72 47 1
72 71 1
72 73 1
72 97 1
73 48 1
73 72 1
73 74 1
73 98 1
74 49 1
74 73 1
74 75 1
74 99 1
75 50 1
75 74 1
75 100 1
76 51 1
76 77 1
76 101 1
77 52 1
77 76 1
77 78 1
77 102 1
78 53 1
78 77 1
78 79 1
78 103 1
79 54 1
79 78 1
79 80 1
79 104 1
80 55 1
80 79 1
80 81 1
80 105 1
81 56 1
81 80 1
81 82 1
81 106 1
82 57 1
82 81 1
82 83 1
82 107 1
83 58 1
83 82 1
83 84 1
83 108 1
84 59 1
84 83 1
84 85 1
84 109 1
85 60 1
85 84 1
85 86 1
85 110 1
86 61 1
86 85 1
86 87 1
86 111 1
87 62 1
87 86 1
87 88 1
87 112 1
88 63 1
88 87 1
88 89 1
88 113 1
89 64 1
89 88 1
89 90 1
89 114 1
90 65 1
90 89 1
90 91 1
90 115 1
91 66 1
91 90 1
91 92 1
91 116 1
92 67 1
92 91 1
92 93 1
92 117 1
93 68 1
93 92 1
93 94 1
93 118 1
94 69 1
94 93 1
94 95 1
94 119 1
95 70 1
95 94 1
95 96 1
95 120 1
96 71 1
96 95 1
96 97 1
96 121 1
97 72 1
97 96 1
97 98 1
97 122 1
98 73 1
98 97 1
98 99 1
98 123 1
99 74 1
99 98 1
99 100 1
99 124 1
100 75 1
100 99 1
100 125 1
101 76 1
101 102 1
101 126 1
102 77 1
102 101 1
102 103 1
102 127 1
103 78 1
103 102 1
103 104 1
103 128 1
104 79 1
104 103 1
104 105 1
104 129 1
105 80 1
105 104 1
105 106 1
105 130 1
106 81 1
106 105 1
106 107 1
106 131 1
107 82 1
107 106 1
107 108 1
107 132 1
108 83 1
108 107 1
108 109 1
108 133 1
109 84 1
109 108 1
109 110 1
109 134 1
110 85 1
110 109 1
110 111 1
110 135 1
111 86 1
111 110 1
111 112 1
111 136 1
112 87 1
112 111 1
112 113 1
112 137 1
113 88 1
113 112 1
113 114 1
113 138 1
114 89 1
114 113 1
114 115 1
114 139 1
115 90 1
115 114 1
115 116 1
115 140 1
116 91 1
116 115 1
116 117 1
116 141 1
117 92 1
117 116 1
117 118 1
117 142 1
118 93 1
118 117 1
118 119 1
118 143 1
119 94 1
119 118 1
119 120 1
119 144 1
120 95 1
120 119 1
120 121 1
120 145 1
121 96 1
121 120 1
121 122 1
121 146 1
122 97 1
122 121 1
122 123 1
122 147 1
123 98 1
123 122 1
123 124 1
123 148 1
124 99 1
124 123 1
124 125 1
124 149 1
125 100 1
125 124 1
125 150 1
126 101 1
126 127 1
126 151 1
127 102 1
127 126 1
127 128 1
127 152 1
128 103 1
128 127 1
128 129 1
128 153 1
129 104 1
129 128 1
129 130 1
129 154 1
130 105 1
130 129 1
130 131 1
130 155 1
131 106 1
131 130 1
131 132 1
131 156 1
132 107 1
132 131 1
132 133 1
132 157 1
133 108 1
133 132 1
133 134 1
133 158 1
134 109 1
134 133 1
134 135 1
134 159 1
135 110 1
135 134 1
135 136 1
135 160 1
136 111 1
136 135 1
136 137 1
136 161 1
137 112 1
137 136 1
137 138 1
137 162 1
138 113 1
138 137 1
138 139 1
138 163 1
139 114 1
139 138 1
139 140 1
139 164 1
140 115 1
140 139 1
140 141 1
140 165 1
141 116 1
141 140 1
141 142 1
141 166 1
142 117 1
142 141 1
142 143 1
142 167 1
143 118 1
143 142 1
143 144 1
143 168 1
144 119 1
144 143 1
144 145 1
144 169 1
145 120 1
145 144 1
145 146 1
145 170 1
146 121 1
146 145 1
146 147 1
146 171 1
147 122 1
147 146 1
147 148 1
147 172 1
148 123 1
148 147 1
148 149 1
148 173 1
149 124 1
149 148 1
149 150 1
149 174 1
150 125 1
150 149 1
150 175 1
151 126 1
151 152 1
151 176 1
152 127 1
152 151 1
152 153 1
152 177 1
153 128 1
153 152 1
153 154 1
153 178 1
154 129 1
154 153 1
154 155 1
154 179 1
155 130 1
155 154 1
155 156 1
155 180 1
156 131 1
156 155 1
156 157 1
156 181 1
157 132 1
157 156 1
157 158 1
157 182 1
158 133 1
158 157 1
158 159 1
158 183 1
159 134 1
159 158 1
159 160 1
159 184 1
160 135 1
160 159 1
160 161 1
160 185 1
161 136 1
161 160 1
161 162 1
161 186 1
162 137 1
162 161 1
162 163 1
162 187 1
163 138 1
163 162 1
163 164 1
163 188 1
164 139 1
164 163 1
164 165 1
164 189 1
165 140 1
165 164 1
165 166 1
165 190 1
166 141 1
166 165 1
166 167 1
166 191 1
167 142 1
167 166 1
167 168 1
167 192 1
168 143 1
168 167 1
168 169 1
168 193 1
169 144 1
169 168 1
169 170 1
169 194 1
170 145 1
170 169 1
170 171 1
170 195 1
171 146 1
171 170 1
171 172 1
171 196 1
172 147 1
172 171 1
172 173 1
172 197 1
173 148 1
173 172 1
173 174 1
173 198 1
174 149 1
174 173 1
174 175 1
174 199 1
175 150 1
175 174 1
175 200 1
176 151 1
176 177 1
176 201 1
177 152 1
177 176 1
177 178 1
177 202 1
178 153 1
178 177 1
178 179 1
178 203 1
179 154 1
179 178 1
179 180 1
179 204 1
180 155 1
180 179 1
180 181 1
180 205 1
181 156 1
181 180 1
181 182 1
181 206 1
182 157 1
182 181 1
182 183 1
182 207 1
183 158 1
183 182 1
183 184 1
183 208 1
184 159 1
184 183 1
184 185 1
184 209 1
185 160 1
185 184 1
185 186 1
185 210 1
186 161 1
186 185 1
186 187 1
186 211 1
187 162 1
187 186 1
187 188 1
187 212 1
188 163 1
188 187 1
188 189 1
188 213 1
189 164 1
189 188 1
189 190 1
189 214 1
190 165 1
190 189 1
190 191 1
190 215 1
191 166 1
191 190 1
191 192 1
191 216 1
192 167 1
192 191 1
192 193 1
192 217 1
193 168 1
193 192 1
193 194 1
193 218 1
194 169 1
194 193 1
194 195 1
194 219 1
195 170 1
195 194 1
195 196 1
195 220 1
196 171 1
196 195 1
196 197 1
196 221 1
197 172 1
197 196 1
197 198 1
197 222 1
198 173 1
198 197 1
198 199 1
198 223 1
199 174 1
199 198 1
199 200 1
199 224 1
200 175 1
200 199 1
200 225 1
201 176 1
201 202 1
201 226 1
202 177 1
202 201 1
202 203 1
202 227 1
203 178 1
203 202 1
203 204 1
203 228 1
204 179 1
204 203 1
204 205 1
204 229 1
205 180 1
205 204 1
205 206 1
205 230 1
206 181 1
206 205 1
206 207 1
206 231 1
207 182 1
207 206 1
207 208 1
207 232 1
208 183 1
208 207 1
208 209 1
208 233 1
209 184 1
209 208 1
209 210 1
209 234 1
210 185 1
210 209 1
210 211 1
210 235 1
211 186 1
211 210 1
211 212 1
211 236 1
212 187 1
212 211 1
212 213 1
212 237 1
213 188 1
213 212 1
213 214 1
213 238 1
214 189 1
214 213 1
214 215 1
214 239 1
215 190 1
215 214 1
215 216 1
215 240 1
216 191 1
216 215 1
216 217 1
216 241 1
217 192 1
217 216 1
217 218 1
217 242 1
218 193 1
218 217 1
218 219 1
218 243 1
219 194 1
219 218 1
219 220 1
219 244 1
220 195 1
220 219 1
220 221 1
220 245 1
221 196 1
221 220 1
221 222 1
221 246 1
222 197 1
222 221 1
222 223 1
222 247 1
223 198 1
223 222 1
223 224 1
223 248 1
224 199 1
224 223 1
224 225 1
224 249 1
225 200 1
225 224 1
225 250 1
226 201 1
226 227 1
226 251 1
227 202 1
227 226 1
227 228 1
227 252 1
228 203 1
228 227 1
228 229 1
228 253 1
229 204 1
229 228 1
229 230 1
229 254 1
230 205 1
230 229 1
230 231 1
230 255 1
231 206 1
231 230 1
231 232 1
231 256 1
232 207 1
232 231 1
232 233 1
232 257 1
233 208 1
233 232 1
233 234 1
233 258 1
234 209 1
234 233 1
234 235 1
234 259 1
235 210 1
235 234 1
235 236 1
235 260 1
236 211 1
236 235 1
236 237 1
236 261 1
237 212 1
237 236 1
237 238 1
237 262 1
238 213 1
238 237 1
238 239 1
238 263 1
239 214 1
239 238 1
239 240 1
239 264 1
240 215 1
240 239 1
240 241 1
240 265 1
241 216 1
241 240 1
241 242 1
241 266 1
242 217 1
242 241 1
242 243 1
242 267 1
243 218 1
243 242 1
243 244 1
243 268 1
244 219 1
244 243 1
244 245 1
244 269 1
245 220 1
245 244 1
245 246 1
245 270 1
246 221 1
246 245 1
246 247 1
246 271 1
247 222 1
247 246 1
247 248 1
247 272 1
248 223 1
248 247 1
248 249 1
248 273 1
249 224 1
249 248 1
249 250 1
249 274 1
250 225 1
250 249 1
250 275 1
251 226 1
251 252 1
251 276 1
252 227 1
252 251 1
252 253 1
252 277 1
253 228 1
253 252 1
253 254 1
253 278 1
254 229 1
254 253 1
254 255 1
254 279 1
255 230 1
255 254 1
255 256 1
255 280 1
256 231 1
256 255 1
256 257 1
256 281 1
257 232 1
257 256 1
257 258 1
257 282 1
258 233 1
258 257 1
258 259 1
258 283 1
259 234 1
259 258 1
259 260 1
259 284 1
260 235 1
260 259 1
260 261 1
260 285 1
261 236 1
261 260 1
261 262 1
261 286 1
262 237 1
262 261 1
262 263 1
262 287 1
263 238 1
263 262 1
263 264 1
263 288 1
264 239 1
264 263 1
264 265 1
264 289 1
265 240 1
265 264 1
265 266 1
265 290 1
266 241 1
266 265 1
266 267 1
266 291 1
267 242 1
267 266 1
267 268 1
267 292 1
268 243 1
268 267 1
268 269 1
268 293 1
269 244 1
269 268 1
269 270 1
269 294 1
270 245 1
270 269 1
270 271 1
270 295 1
271 246 1
271 270 1
271 272 1
271 296 1
272 247 1
272 271 1
272 273 1
272 297 1
273 248 1
273 272 1
273 274 1
273 298 1
274 249 1
274 273 1
274 275 1
274 299 1
275 250 1
275 274 1
275 300 1
276 251 1
276 277 1
276 301 1
277 252 1
277 276 1
277 278 1
277 302 1
278 253 1
278 277 1
278 279 1
278 303 1
279 254 1
279 278 1
279 280 1
279 304 1
280 255 1
280 279 1
280 281 1
280 305 1
281 256 1
281 280 1
281 282 1
281 306 1
282 257 1
282 281 1
282 283 1
282 307 1
283 258 1
283 282 1
283 284 1
283 308 1
284 259 1
284 283 1
284 285 1
284 309 1
285 260 1
285 284 1
285 286 1
285 310 1
286 261 1
286 285 1
286 287 1
286 311 1
287 262 1
287 286 1
287 288 1
287 312 1
288 263 1
288 287 1
288 289 1
288 313 1
289 264 1
289 288 1
289 290 1
289 314 1
290 265 1
290 289 1
290 291 1
290 315 1
291 266 1
291 290 1
291 292 1
291 316 1
292 267 1
292 291 1
292 293 1
292 317 1
293 268 1
293 292 1
293 294 1
293 318 1
294 269 1
294 293 1
294 295 1
294 319 1
295 270 1
295 294 1
295 296 1
295 320 1
296 271 1
296 295 1
296 297 1
296 321 1
297 272 1
297 296 1
297 298 1
297 322 1
298 273 1
298 297 1
298 299 1
298 323 1
299 274 1
299 298 1
299 300 1
299 324 1
300 275 1
300 299 1
300 325 1
301 276 1
301 302 1
301 326 1
302 277 1
302 301 1
302 303 1
302 327 1
303 278 1
303 302 1
303 304 1
303 328 1
304 279 1
304 303 1
304 305 1
304 329 1
305 280 1
305 304 1
305 306 1
305 330 1
306 281 1
306 305 1
306 307 1
306 331 1
307 282 1
307 306 1
307 308 1
307 332 1
308 283 1
308 307 1
308 309 1
308 333 1
309 284 1
309 308 1
309 310 1
309 334 1
310 285 1
310 309 1
310 311 1
310 335 1
311 286 1
311 310 1
311 312 1
311 336 1
312 287 1
312 311 1
312 313 1
312 337 1
313 288 1
313 312 1
313 314 1
313 338 1
314 289 1
314 313 1
314 315 1
314 339 1
315 290 1
315 314 1
315 316 1
315 340 1
316 291 1
316 315 1
316 317 1
316 341 1
317 292 1
317 316 1
317 318 1
317 342 1
318 293 1
318 317 1
318 319 1
318 343 1
319 294 1
319 318 1
319 320 1
319 344 1
320 295 1
320 319 1
320 321 1
320 345 1
321 296 1
321 320 1
321 322 1
321 346 1
322 297 1
322 321 1
322 323 1
322 347 1
323 298 1
323 322 1
323 324 1
323 348 1
324 299 1
324 323 1
324 325 1
324 349 1
325 300 1
325 324 1
325 350 1
326 301 1
326 327 1
326 351 1
327 302 1
327 326 1
327 328 1
327 352 1
328 303 1
328 327 1
328 329 1
328 353 1
329 304 1
329 328 1
329 330 1
329 354 1
330 305 1
330 329 1
330 331 1
330 355 1
331 306 1
331 330 1
331 332 1
331 356 1
332 307 1
332 331 1
332 333 1
332 357 1
333 308 1
333 332 1
333 334 1
333 358 1
334 309 1
334 333 1
334 335 1
334 359 1
335 310 1
335 334 1
335 336 1
335 360 1
336 311 1
336 335 1
336 337 1
336 361 1
337 312 1
337 336 1
337 338 1
337 362 1
338 313 1
338 337 1
338 339 1
338 363 1
339 314 1
339 338 1
339 340 1
339 364 1
340 315 1
340 339 1
340 341 1
340 365 1
341 316 1
341 340 1
341 342 1
341 366 1
342 317 1
342 341 1
342 343 1
342 367 1
343 318 1
343 342 1
343 344 1
343 368 1
344 319 1
344 343 1
344 345 1
344 369 1
345 320 1
345 344 1
345 346 1
345 370 1
346 321 1
346 345 1
346 347 1
346 371 1
347 322 1
347 346 1
347 348 1
347 372 1
348 323 1
348 347 1
348 349 1
348 373 1
349 324 1
349 348 1
349 350 1
349 374 1
350 325 1
350 349 1
350 375 1
351 326 1
351 352 1
351 376 1
352 327 1
352 351 1
352 353 1
352 377 1
353 328 1
353 352 1
353 354 1
353 378 1
354 329 1
354 353 1
354 355 1
354 379 1
355 330 1
355 354 1
355 356 1
355 380 1
356 331 1
356 355 1
356 357 1
356 381 1
357 332 1
357 356 1
357 358 1
357 382 1
358 333 1
358 357 1
358 359 1
358 383 1
359 334 1
359 358 1
359 360 1
359 384 1
360 335 1
360 359 1
360 361 1
360 385 1
361 336 1
361 360 1
361 362 1
361 386 1
362 337 1
362 361 1
362 363 1
362 387 1
363 338 1
363 362 1
363 364 1
363 388 1
364 339 1
364 363 1
364 365 1
364 389 1
365 340 1
365 364 1
365 366 1
365 390 1
366 341 1
366 365 1
366 367 1
366 391 1
367 342 1
367 366 1
367 368 1
367 392 1
368 343 1
368 367 1
368 369 1
368 393 1
369 344 1
369 368 1
369 370 1
369 394 1
370 345 1
370 369 1
370 371 1
370 395 1
371 346 1
371 370 1
371 372 1
371 396 1
372 347 1
372 371 1
372 373 1
372 397 1
373 348 1
373 372 1
373 374 1
373 398 1
374 349 1
374 373 1
374 375 1
374 399 1
375 350 1
375 374 1
375 400 1
376 351 1
376 377 1
376 401 1
377 352 1
377 376 1
377 378 1
377 402 1
378 353 1
378 377 1
378 379 1
378 403 1
379 354 1
379 378 1
379 380 1
379 404 1
380 355 1
380 379 1
380 381 1
380 405 1
381 356 1
381 380 1
381 382 1
381 406 1
382 357 1
382 381 1
382 383 1
382 407 1
383 358 1
383 382 1
383 384 1
383 408 1
384 359 1
384 383 1
384 385 1
384 409 1
385 360 1
385 384 1
385 386 1
385 410 1
386 361 1
386 385 1
386 387 1
386 411 1
387 362 1
387 386 1
387 388 1
387 412 1
388 363 1
388 387 1
388 389 1
388 413 1
389 364 1
389 388 1
389 390 1
389 414 1
390 365 1
390 389 1
390 391 1
390 415 1
391 366 1
391 390 1
391 392 1
391 416 1
392 367 1
392 391 1
392 393 1
392 417 1
393 368 1
393 392 1
393 394 1
393 418 1
394 369 1
394 393 1
394 395 1
394 419 1
395 370 1
395 394 1
395 396 1
395 420 1
396 371 1
396 395 1
396 397 1
396 421 1
397 372 1
397 396 1
397 398 1
397 422 1
398 373 1
398 397 1
398 399 1
398 423 1
399 374 1
399 398 1
399 400 1
399 424 1
400 375 1
400 399 1
400 425 1
401 376 1
401 402 1
401 426 1
402 377 1
402 401 1
402 403 1
402 427 1
403 378 1
403 402 1
403 404 1
403 428 1
404 379 1
404 403 1
404 405 1
404 429 1
405 380 1
405 404 1
405 406 1
405 430 1
406 381 1
406 405 1
406 407 1
406 431 1
407 382 1
407 406 1
407 408 1
407 432 1
408 383 1
408 407 1
408 409 1
408 433 1
409 384 1
409 408 1
409 410 1
409 434 1
410 385 1
410 409 1
410 411 1
410 435 1
411 386 1
411 410 1
411 412 1
411 436 1
412 387 1
412 411 1
412 413 1
412 437 1
413 388 1
413 412 1
413 414 1
413 438 1
414 389 1
414 413 1
414 415 1
414 439 1
415 390 1
415 414 1
415 416 1
415 440 1
416 391 1
416 415 1
416 417 1
416 441 1
417 392 1
417 416 1
417 418 1
417 442 1
418 393 1
418 417 1
418 419 1
418 443 1
419 394 1
419 418 1
419 420 1
419 444 1
420 395 1
420 419 1
420 421 1
420 445 1
421 396 1
421 420 1
421 422 1
421 446 1
422 397 1
422 421 1
422 423 1
422 447 1
423 398 1
423 422 1
423 424 1
423 448 1
424 399 1
424 423 1
424 425 1
424 449 1
425 400 1
425 424 1
425 450 1
426 401 1
426 427 1
426 451 1
427 402 1
427 426 1
427 428 1
427 452 1
428 403 1
428 427 1
428 429 1
428 453 1
429 404 1
429 428 1
429 430 1
429 454 1
430 405 1
430 429 1
430 431 1
430 455 1
431 406 1
431 430 1
431 432 1
431 456 1
432 407 1
432 431 1
432 433 1
432 457 1
433 408 1
433 432 1
433 434 1
433 458 1
434 409 1
434 433 1
434 435 1
434 459 1
435 410 1
435 434 1
435 436 1
435 460 1
436 411 1
436 435 1
436 437 1
436 461 1
437 412 1
437 436 1
437 438 1
437 462 1
438 413 1
438 437 1
438 439 1
438 463 1
439 414 1
439 438 1
439 440 1
439 464 1
440 415 1
440 439 1
440 441 1
440 465 1
441 416 1
441 440 1
441 442 1
441 466 1
442 417 1
442 441 1
442 443 1
442 467 1
443 418 1
443 442 1
443 444 1
443 468 1
444 419 1
444 443 1
444 445 1
444 469 1
445 420 1
445 444 1
445 446 1
445 470 1
446 421 1
446 445 1
446 447 1
446 471 1
447 422 1
447 446 1
447 448 1
447 472 1
448 423 1
448 447 1
448 449 1
448 473 1
449 424 1
449 448 1
449 450 1
449 474 1
450 425 1
450 449 1
450 475 1
451 426 1
451 452 1
451 476 1
452 427 1
452 451 1
452 453 1
452 477 1
453 428 1
453 452 1
453 454 1
453 478 1
454 429 1
454 453 1
454 455 1
454 479 1
455 430 1
455 454 1
455 456 1
455 480 1
456 431 1
456 455 1
456 457 1
456 481 1
457 432 1
457 456 1
457 458 1
457 482 1
458 433 1
458 457 1
458 459 1
458 483 1
459 434 1
459 458 1
459 460 1
459 484 1
460 435 1
460 459 1
460 461 1
460 485 1
461 436 1
461 460 1
461 462 1
461 486 1
462 437 1
462 461 1
462 463 1
462 487 1
463 438 1
463 462 1
463 464 1
463 488 1
464 439 1
464 463 1
464 465 1
464 489 1
465 440 1
465 464 1
465 466 1
465 490 1
466 441 1
466 465 1
466 467 1
466 491 1
467 442 1
467 466 1
467 468 1
467 492 1
468 443 1
468 467 1
468 469 1
468 493 1
469 444 1
469 468 1
469 470 1
469 494 1
470 445 1
470 469 1
470 471 1
470 495 1
471 446 1
471 470 1
471 472 1
471 496 1
472 447 1
472 471 1
472 473 1
472 497 1
473 448 1
473 472 1
473 474 1
473 498 1
474 449 1
474 473 1
474 475 1
474 499 1
475 450 1
475 474 1
475 500 1
476 451 1
476 477 1
476 501 1
477 452 1
477 476 1
477 478 1
477 502 1
478 453 1
478 477 1
478 479 1
478 503 1
479 454 1
479 478 1
479 480 1
479 504 1
480 455 1
480 479 1
480 481 1
480 505 1
481 456 1
481 480 1
481 482 1
481 506 1
482 457 1
482 481 1
482 483 1
482 507 1
483 458 1
483 482 1
483 484 1
483 508 1
484 459 1
484 483 1
484 485 1
484 509 1
485 460 1
485 484 1
485 486 1
485 510 1
486 461 1
486 485 1
486 487 1
486 511 1
487 462 1
487 486 1
487 488 1
487 512 1
488 463 1
488 487 1
488 489 1
488 513 1
489 464 1
489 488 1
489 490 1
489 514 1
490 465 1
490 489 1
490 491 1
490 515 1
491 466 1
491 490 1
491 492 1
491 516 1
492 467 1
492 491 1
492 493 1
492 517 1
493 468 1
493 492 1
493 494 1
493 518 1
494 469 1
494 493 1
494 495 1
494 519 1
495 470 1
495 494 1
495 496 1
495 520 1
496 471 1
496 495 1
496 497 1
496 521 1
497 472 1
497 496 1
497 498 1
497 522 1
498 473 1
498 497 1
498 499 1
498 523 1
499 474 1
499 498 1
499 500 1
499 524 1
500 475 1
500 499 1
500 525 1
501 476 1
501 502 1
501 526 1
502 477 1
502 501 1
502 503 1
502 527 1
503 478 1
503 502 1
503 504 1
503 528 1
504 479 1
504 503 1
504 505 1
504 529 1
505 480 1
505 504 1
505 506 1
505 530 1
506 481 1
506 505 1
506 507 1
506 531 1
507 482 1
507 506 1
507 508 1
507 532 1
508 483 1
508 507 1
508 509 1
508 533 1
509 484 1
509 508 1
509 510 1
509 534 1
510 485 1
510 509 1
510 511 1
510 535 1
511 486 1
511 510 1
511 512 1
511 536 1
512 487 1
512 511 1
512 513 1
512 537 1
513 488 1
513 512 1
513 514 1
513 538 1
514 489 1
514 513 1
514 515 1
514 539 1
515 490 1
515 514 1
515 516 1
515 540 1
516 491 1
516 515 1
516 517 1
516 541 1
517 492 1
517 516 1
517 518 1
517 542 1
518 493 1
518 517 1
518 519 1
518 543 1
519 494 1
519 518 1
519 520 1
519 544 1
520 495 1
520 519 1
520 521 1
520 545 1
521 496 1
521 520 1
521 522 1
521 546 1
522 497 1
522 521 1
522 523 1
522 547 1
523 498 1
523 522 1
523 524 1
523 548 1
524 499 1
524 523 1
524 525 1
524 549 1
525 500 1
525 524 1
525 550 1
526 501 1
526 527 1
526 551 1
527 502 1
527 526 1
527 528 1
527 552 1
528 503 1
528 527 1
528 529 1
528 553 1
529 504 1
529 528 1
529 530 1
529 554 1
530 505 1
530 529 1
530 531 1
530 555 1
531 506 1
531 530 1
531 532 1
531 556 1
532 507 1
532 531 1
532 533 1
532 557 1
533 508 1
533 532 1
533 534 1
533 558 1
534 509 1
534 533 1
534 535 1
534 559 1
535 510 1
535 534 1
535 536 1
535 560 1
536 511 1
536 535 1
536 537 1
536 561 1
537 512 1
537 536 1
537 538 1
537 562 1
538 513 1
538 537 1
538 539 1
538 563 1
539 514 1
539 538 1
539 540 1
539 564 1
540 515 1
540 539 1
540 541 1
540 565 1
541 516 1
541 540 1
541 542 1
541 566 1
542 517 1
542 541 1
542 543 1
542 567 1
543 518 1
543 542 1
543 544 1
543 568 1
544 519 1
544 543 1
544 545 1
544 569 1
545 520 1
545 544 1
545 546 1
545 570 1
546 521 1
546 545 1
546 547 1
546 571 1
547 522 1
547 546 1
547 548 1
547 572 1
548 523 1
548 547 1
548 549 1
548 573 1
549 524 1
549 548 1
549 550 1
549 574 1
550 525 1
550 549 1
550 575 1
551 526 1
551 552 1
551 576 1
552 527 1
552 551 1
552 553 1
552 577 1
553 528 1
553 552 1
553 554 1
553 578 1
554 529 1
554 553 1
554 555 1
554 579 1
555 530 1
555 554 1
555 556 1
555 580 1
556 531 1
556 555 1
556 557 1
556 581 1
557 532 1
557 556 1
557 558 1
557 582 1
558 533 1
558 557 1
558 559 1
558 583 1
559 534 1
559 558 1
559 560 1
559 584 1
560 535 1
560 559 1
560 561 1
560 585 1
561 536 1
561 560 1
561 562 1
561 586 1
562 537 1
562 561 1
562 563 1
562 587 1
563 538 1
563 562 1
563 564 1
563 588 1
564 539 1
564 563 1
564 565 1
564 589 1
565 540 1
565 564 1
565 566 1
565 590 1
566 541 1
566 565 1
566 567 1
566 591 1
567 542 1
567 566 1
567 568 1
567 592 1
568 543 1
568 567 1
568 569 1
568 593 1
569 544 1
569 568 1
569 570 1
569 594 1
570 545 1
570 569 1
570 571 1
570 595 1
571 546 1
571 570 1
571 572 1
571 596 1
572 547 1
572 571 1
572 573 1
572 597 1
573 548 1
573 572 1
573 574 1
573 598 1
574 549 1
574 573 1
574 575 1
574 599 1
575 550 1
575 574 1
575 600 1
576 551 1
576 577 1
576 601 1
577 552 1
577 576 1
577 578 1
577 602 1
578 553 1
578 577 1
578 579 1
578 603 1
579 554 1
579 578 1
579 580 1
579 604 1
580 555 1
580 579 1
580 581 1
580 605 1
581 556 1
581 580 1
581 582 1
581 606 1
582 557 1
582 581 1
582 583 1
582 607 1
583 558 1
583 582 1
583 584 1
583 608 1
584 559 1
584 583 1
584 585 1
584 609 1
585 560 1
585 584 1
585 586 1
585 610 1
586 561 1
586 585 1
586 587 1
586 611 1
587 562 1
587 586 1
587 588 1
587 612 1
588 563 1
588 587 1
588 589 1
588 613 1
589 564 1
589 588 1
589 590 1
589 614 1
590 565 1
590 589 1
590 591 1
590 615 1
591 566 1
591 590 1
591 592 1
591 616 1
592 567 1
592 591 1
592 593 1
592 617 1
593 568 1
593 592 1
593 594 1
593 618 1
594 569 1
594 593 1
594 595 1
594 619 1
595 570 1
595 594 1
595 596 1
595 620 1
596 571 1
596 595 1
596 597 1
596 621 1
597 572 1
597 596 1
597 598 1
597 622 1
598 573 1
598 597 1
598 599 1
598 623 1
599 574 1
599 598 1
599 600 1
599 624 1
600 575 1
600 599 1
600 625 1
601 576 1
601 602 1
602 577 1
602 601 1
602 603 1
603 578 1
603 602 1
603 604 1
604 579 1
604 603 1
604 605 1
605 580 1
605 604 1
605 606 1
606 581 1
606 605 1
606 607 1
607 582 1
607 606 1
607 608 1
608 583 1
608 607 1
608 609 1
609 584 1
609 608 1
609 610 1
610 585 1
610 609 1
610 611 1
611 586 1
611 610 1
611 612 1
612 587 1
612 611 1
612 613 1
613 588 1
613 612 1
613 614 1
614 589 1
614 613 1
614 615 1
615 590 1
615 614 1
615 616 1
616 591 1
616 615 1
616 617 1
617 592 1
617 616 1
617 618 1
618 593 1
618 617 1
618 619 1
619 594 1
619 618 1
619 620 1
620 595 1
620 619 1
620 621 1
621 596 1
621 620 1
621 622 1
622 597 1
622 621 1
622 623 1
623 598 1
623 622 1
623 624 1
624 599 1
624 623 1
624 625 1
625 600 1
625 624 1
