2025 7920
1 2 1
1 46 1
2 1 1
2 3 1
2 47 1
3 2 1
3 4 1
3 48 1
4 3 1
4 5 1
4 49 1
5 4 1
5 6 1
5 50 1
6 5 1
6 7 1
6 51 1
7 6 1
7 8 1
7 52 1
8 7 1
8 9 1
8 53 1
9 8 1
9 10 1
9 54 1
10 9 1
10 11 1
10 55 1
11 10 1
11 12 1
11 56 1
12 11 1
12 13 1
12 57 1
13 12 1
13 14 1
13 58 1
14 13 1
14 15 1
14 59 1
15 14 1
15 16 1
15 60 1
16 15 1
16 17 1
16 61 1
17 16 1
17 18 1
17 62 1
18 17 1
18 19 1
18 63 1
19 18 1
19 20 1
19 64 1
20 19 1
20 21 1
20 65 1
21 20 1
21 22 1
21 66 1
22 21 1
22 23 1
22 67 1
23 22 1
23 24 1
23 68 1
24 23 1
24 25 1
24 69 1
25 24 1
25 26 1
25 70 1
26 25 1
26 27 1
26 71 1
27 26 1
27 28 1
27 72 1
28 27 1
28 29 1
28 73 1
29 28 1
29 30 1
29 74 1
30 29 1
30 31 1
30 75 1
31 30 1
31 32 1
31 76 1
32 31 1
32 33 1
32 77 1
33 32 1
33 34 1
33 78 1
34 33 1
34 35 1
34 79 1
35 34 1
35 36 1
35 80 1
36 35 1
36 37 1
36 81 1
37 36 1
37 38 1
37 82 1
38 37 1
38 39 1
38 83 1
39 38 1
39 40 1
39 84 1
40 39 1
40 41 1
40 85 1
41 40 1
41 42 1
41 86 1
42 41 1
42 43 1
42 87 1
43 42 1
43 44 1
43 88 1
44 43 1
44 45 1
44 89 1
45 44 1
45 90 1
46 1 1
46 47 1
46 91 1
47 2 1
47 46 1
47 48 1
47 92 1
48 3 1
48 47 1
48 49 1
48 93 1
49 4 1
49 48 1
49 50 1
49 94 1
50 5 1
50 49 1
50 51 1
50 95 1
51 6 1
51 50 1
51 52 1
51 96 1
52 7 1
52 51 1
52 53 1
52 97 1
53 8 1
53 52 1
53 54 1
53 98 1
54 9 1
54 53 1
54 55 1
54 99 1
55 10 1
55 54 1
55 56 1
55 100 1
56 11 1
56 55 1
56 57 1
56 101 1
57 12 1
57 56 1
57 58 1
57 102 1
58 13 1
58 57 1
58 59 1
58 103 1
59 14 1
59 58 1
59 60 1
59 104 1
60 15 1
60 59 1
60 61 1
60 105 1
61 16 1
61 60 1
61 62 1
61 106 1
62 17 1
62 61 1
62 63 1
62 107 1
63 18 1
63 62 1
63 64 1
63 108 1
64 19 1
64 63 1
64 65 1
64 109 1
65 20 1
65 64 1
65 66 1
65 110 1
66 21 1
66 65 1
66 67 1
66 111 1
67 22 1
67 66 1
67 68 1
67 112 1
68 23 1
68 67 1
68 69 1
68 113 1
69 24 1
69 68 1
69 70 1
69 114 1
70 25 1
70 69 1
70 71 1
70 115 1
71 26 1
71 70 1
71 72 1
71 116 1
72 27 1
72 71 1
72 73 1
72 117 1
73 28 1
73 72 1
73 74 1
73 118 1
74 29 1
74 73 1
74 75 1
74 119 1
75 30 1
75 74 1
75 76 1
75 120 1
76 31 1
76 75 1
76 77 1
76 121 1
77 32 1
77 76 1
77 78 1
77 122 1
78 33 1
78 77 1
78 79 1
78 123 1
79 34 1
79 78 1
79 80 1
79 124 1
80 35 1
80 79 1
80 81 1
80 125 1
81 36 1
81 80 1
81 82 1
81 126 1
82 37 1
82 81 1
82 83 1
82 127 1
83 38 1
83 82 1
83 84 1
83 128 1
84 39 1
84 83 1
84 85 1
84 129 1
85 40 1
85 84 1
85 86 1
85 130 1
86 41 1
86 85 1
86 87 1
86 131 1
87 42 1
87 86 1
87 88 1
87 132 1
88 43 1
88 87 1
88 89 1
88 133 1
89 44 1
89 88 1
89 90 1
89 134 1
90 45 1
90 89 1
90 135 1
91 46 1
91 92 1
91 136 1
92 47 1
92 91 1
92 93 1
92 137 1
93 48 1
93 92 1
93 94 1
93 138 1
94 49 1
94 93 1
94 95 1
94 139 1
95 50 1
95 94 1
95 96 1
95 140 1
96 51 1
96 95 1
96 97 1
96 141 1
97 52 1
97 96 1
97 98 1
97 142 1
98 53 1
98 97 1
98 99 1
98 143 1
99 54 1
99 98 1
99 100 1
99 144 1
100 55 1
100 99 1
100 101 1
100 145 1
101 56 1
101 100 1
101 102 1
101 146 1
102 57 1
102 101 1
102 103 1
102 147 1
103 58 1
103 102 1
103 104 1
103 148 1
104 59 1
104 103 1
104 105 1
104 149 1
105 60 1
105 104 1
105 106 1
105 150 1
106 61 1
106 105 1
106 107 1
106 151 1
107 62 1
107 106 1
107 108 1
107 152 1
108 63 1
108 107 1
108 109 1
108 153 1
109 64 1
109 108 1
109 110 1
109 154 1
110 65 1
110 109 1
110 111 1
110 155 1
111 66 1
111 110 1
111 112 1
111 156 1
112 67 1
112 111 1
112 113 1
112 157 1
113 68 1
113 112 1
113 114 1
113 158 1
114 69 1
114 113 1
114 115 1
114 159 1
115 70 1
115 114 1
115 116 1
115 160 1
116 71 1
116 115 1
116 117 1
116 161 1
117 72 1
117 116 1
117 118 1
117 162 1
118 73 1
118 117 1
118 119 1
118 163 1
119 74 1
119 118 1
119 120 1
119 164 1
120 75 1
120 119 1
120 121 1
120 165 1
121 76 1
121 120 1
121 122 1
121 166 1
122 77 1
122 121 1
122 123 1
122 167 1
123 78 1
123 122 1
123 124 1
123 168 1
124 79 1
124 123 1
124 125 1
124 169 1
125 80 1
125 124 1
125 126 1
125 170 1
126 81 1
126 125 1
126 127 1
126 171 1
127 82 1
127 126 1
127 128 1
127 172 1
128 83 1
128 127 1
128 129 1
128 173 1
129 84 1
129 128 1
129 130 1
129 174 1
130 85 1
130 129 1
130 131 1
130 175 1
131 86 1
131 130 1
131 132 1
131 176 1
132 87 1
132 131 1
132 133 1
132 177 1
133 88 1
133 132 1
133 134 1
133 178 1
134 89 1
134 133 1
134 135 1
134 179 1
135 90 1
135 134 1
135 180 1
136 91 1
136 137 1
136 181 1
137 92 1
137 136 1
137 138 1
137 182 1
138 93 1
138 137 1
138 139 1
138 183 1
139 94 1
139 138 1
139 140 1
139 184 1
140 95 1
140 139 1
140 141 1
140 185 1
141 96 1
141 140 1
141 142 1
141 186 1
142 97 1
142 141 1
142 143 1
142 187 1
143 98 1
143 142 1
143 144 1
143 188 1
144 99 1
144 143 1
144 145 1
144 189 1
145 100 1
145 144 1
145 146 1
145 190 1
146 101 1
146 145 1
146 147 1
146 191 1
147 102 1
147 146 1
147 148 1
147 192 1
148 103 1
148 147 1
148 149 1
148 193 1
149 104 1
149 148 1
149 150 1
149 194 1
150 105 1
150 149 1
150 151 1
150 195 1
151 106 1
151 150 1
151 152 1
151 196 1
152 107 1
152 151 1
152 153 1
152 197 1
153 108 1
153 152 1
153 154 1
153 198 1
154 109 1
154 153 1
154 155 1
154 199 1
155 110 1
155 154 1
155 156 1
155 200 1
156 111 1
156 155 1
156 157 1
156 201 1
157 112 1
157 156 1
157 158 1
157 202 1
158 113 1
158 157 1
158 159 1
158 203 1
159 114 1
159 158 1
159 160 1
159 204 1
160 115 1
160 159 1
160 161 1
160 205 1
161 116 1
161 160 1
161 162 1
161 206 1
162 117 1
162 161 1
162 163 1
162 207 1
163 118 1
163 162 1
163 164 1
163 208 1
164 119 1
164 163 1
164 165 1
164 209 1
165 120 1
165 164 1
165 166 1
165 210 1
166 121 1
166 165 1
166 167 1
166 211 1
167 122 1
167 166 1
167 168 1
167 212 1
168 123 1
168 167 1
168 169 1
168 213 1
169 124 1
169 168 1
169 170 1
169 214 1
170 125 1
170 169 1
170 171 1
170 215 1
171 126 1
171 170 1
171 172 1
171 216 1
172 127 1
172 171 1
172 173 1
172 217 1
173 128 1
173 172 1
173 174 1
173 218 1
174 129 1
174 173 1
174 175 1
174 219 1
175 130 1
175 174 1
175 176 1
175 220 1
176 131 1
176 175 1
176 177 1
176 221 1
177 132 1
177 176 1
177 178 1
177 222 1
178 133 1
178 177 1
178 179 1
178 223 1
179 134 1
179 178 1
179 180 1
179 224 1
180 135 1
180 179 1
180 225 1
181 136 1
181 182 1
181 226 1
182 137 1
182 181 1
182 183 1
182 227 1
183 138 1
183 182 1
183 184 1
183 228 1
184 139 1
184 183 1
184 185 1
184 229 1
185 140 1
185 184 1
185 186 1
185 230 1
186 141 1
186 185 1
186 187 1
186 231 1
187 142 1
187 186 1
187 188 1
187 232 1
188 143 1
188 187 1
188 189 1
188 233 1
189 144 1
189 188 1
189 190 1
189 234 1
190 145 1
190 189 1
190 191 1
190 235 1
191 146 1
191 190 1
191 192 1
191 236 1
192 147 1
192 191 1
192 193 1
192 237 1
193 148 1
193 192 1
193 194 1
193 238 1
194 149 1
194 193 1
194 195 1
194 239 1
195 150 1
195 194 1
195 196 1
195 240 1
196 151 1
196 195 1
196 197 1
196 241 1
197 152 1
197 196 1
197 198 1
197 242 1
198 153 1
198 197 1
198 199 1
198 243 1
199 154 1
199 198 1
199 200 1
199 244 1
200 155 1
200 199 1
200 201 1
200 245 1
201 156 1
201 200 1
201 202 1
201 246 1
202 157 1
202 201 1
202 203 1
202 247 1
203 158 1
203 202 1
203 204 1
203 248 1
204 159 1
204 203 1
204 205 1
204 249 1
205 160 1
205 204 1
205 206 1
205 250 1
206 161 1
206 205 1
206 207 1
206 251 1
207 162 1
207 206 1
207 208 1
207 252 1
208 163 1
208 207 1
208 209 1
208 253 1
209 164 1
209 208 1
209 210 1
209 254 1
210 165 1
210 209 1
210 211 1
210 255 1
211 166 1
211 210 1
211 212 1
211 256 1
212 167 1
212 211 1
212 213 1
212 257 1
213 168 1
213 212 1
213 214 1
213 258 1
214 169 1
214 213 1
214 215 1
214 259 1
215 170 1
215 214 1
215 216 1
215 260 1
216 171 1
216 215 1
216 217 1
216 261 1
217 172 1
217 216 1
217 218 1
217 262 1
218 173 1
218 217 1
218 219 1
218 263 1
219 174 1
219 218 1
219 220 1
219 264 1
220 175 1
220 219 1
220 221 1
220 265 1
221 176 1
221 220 1
221 222 1
221 266 1
222 177 1
222 221 1
222 223 1
222 267 1
223 178 1
223 222 1
223 224 1
223 268 1
224 179 1
224 223 1
224 225 1
224 269 1
225 180 1
225 224 1
225 270 1
226 181 1
226 227 1
226 271 1
227 182 1
227 226 1
227 228 1
227 272 1
228 183 1
228 227 1
228 229 1
228 273 1
229 184 1
229 228 1
229 230 1
229 274 1
230 185 1
230 229 1
230 231 1
230 275 1
231 186 1
231 230 1
231 232 1
231 276 1
232 187 1
232 231 1
232 233 1
232 277 1
233 188 1
233 232 1
233 234 1
233 278 1
234 189 1
234 233 1
234 235 1
234 279 1
235 190 1
235 234 1
235 236 1
235 280 1
236 191 1
236 235 1
236 237 1
236 281 1
237 192 1
237 236 1
237 238 1
237 282 1
238 193 1
238 237 1
238 239 1
238 283 1
239 194 1
239 238 1
239 240 1
239 284 1
240 195 1
240 239 1
240 241 1
240 285 1
241 196 1
241 240 1
241 242 1
241 286 1
242 197 1
242 241 1
242 243 1
242 287 1
243 198 1
243 242 1
243 244 1
243 288 1
244 199 1
244 243 1
244 245 1
244 289 1
245 200 1
245 244 1
245 246 1
245 290 1
246 201 1
246 245 1
246 247 1
246 291 1
247 202 1
247 246 1
247 248 1
247 292 1
248 203 1
248 247 1
248 249 1
248 293 1
249 204 1
249 248 1
249 250 1
249 294 1
250 205 1
250 249 1
250 251 1
250 295 1
251 206 1
251 250 1
251 252 1
251 296 1
252 207 1
252 251 1
252 253 1
252 297 1
253 208 1
253 252 1
253 254 1
253 298 1
254 209 1
254 253 1
254 255 1
254 299 1
255 210 1
255 254 1
255 256 1
255 300 1
256 211 1
256 255 1
256 257 1
256 301 1
257 212 1
257 256 1
257 258 1
257 302 1
258 213 1
258 257 1
258 259 1
258 303 1
259 214 1
259 258 1
259 260 1
259 304 1
260 215 1
260 259 1
260 261 1
260 305 1
261 216 1
261 260 1
261 262 1
261 306 1
262 217 1
262 261 1
262 263 1
262 307 1
263 218 1
263 262 1
263 264 1
263 308 1
264 219 1
264 263 1
264 265 1
264 309 1
265 220 1
265 264 1
265 266 1
265 310 1
266 221 1
266 265 1
266 267 1
266 311 1
267 222 1
267 266 1
267 268 1
267 312 1
268 223 1
268 267 1
268 269 1
268 313 1
269 224 1
269 268 1
269 270 1
269 314 1
270 225 1
270 269 1
270 315 1
271 226 1
271 272 1
271 316 1
272 227 1
272 271 1
272 273 1
272 317 1
273 228 1
273 272 1
273 274 1
273 318 1
274 229 1
274 273 1
274 275 1
274 319 1
275 230 1
275 274 1
275 276 1
275 320 1
276 231 1
276 275 1
276 277 1
276 321 1
277 232 1
277 276 1
277 278 1
277 322 1
278 233 1
278 277 1
278 279 1
278 323 1
279 234 1
279 278 1
279 280 1
279 324 1
280 235 1
280 279 1
280 281 1
280 325 1
281 236 1
281 280 1
281 282 1
281 326 1
282 237 1
282 281 1
282 283 1
282 327 1
283 238 1
283 282 1
283 284 1
283 328 1
284 239 1
284 283 1
284 285 1
284 329 1
285 240 1
285 284 1
285 286 1
285 330 1
286 241 1
286 285 1
286 287 1
286 331 1
287 242 1
287 286 1
287 288 1
287 332 1
288 243 1
288 287 1
288 289 1
288 333 1
289 244 1
289 288 1
289 290 1
289 334 1
290 245 1
290 289 1
290 291 1
290 335 1
291 246 1
291 290 1
291 292 1
291 336 1
292 247 1
292 291 1
292 293 1
292 337 1
293 248 1
293 292 1
293 294 1
293 338 1
294 249 1
294 293 1
294 295 1
294 339 1
295 250 1
295 294 1
295 296 1
295 340 1
296 251 1
296 295 1
296 297 1
296 341 1
297 252 1
297 296 1
297 298 1
297 342 1
298 253 1
298 297 1
298 299 1
298 343 1
299 254 1
299 298 1
299 300 1
299 344 1
300 255 1
300 299 1
300 301 1
300 345 1
301 256 1
301 300 1
301 302 1
301 346 1
302 257 1
302 301 1
302 303 1
302 347 1
303 258 1
303 302 1
303 304 1
303 348 1
304 259 1
304 303 1
304 305 1
304 349 1
305 260 1
305 304 1
305 306 1
305 350 1
306 261 1
306 305 1
306 307 1
306 351 1
307 262 1
307 306 1
307 308 1
307 352 1
308 263 1
308 307 1
308 309 1
308 353 1
309 264 1
309 308 1
309 310 1
309 354 1
310 265 1
310 309 1
310 311 1
310 355 1
311 266 1
311 310 1
311 312 1
311 356 1
312 267 1
312 311 1
312 313 1
312 357 1
313 268 1
313 312 1
313 314 1
313 358 1
314 269 1
314 313 1
314 315 1
314 359 1
315 270 1
315 314 1
315 360 1
316 271 1
316 317 1
316 361 1
317 272 1
317 316 1
317 318 1
317 362 1
318 273 1
318 317 1
318 319 1
318 363 1
319 274 1
319 318 1
319 320 1
319 364 1
320 275 1
320 319 1
320 321 1
320 365 1
321 276 1
321 320 1
321 322 1
321 366 1
322 277 1
322 321 1
322 323 1
322 367 1
323 278 1
323 322 1
323 324 1
323 368 1
324 279 1
324 323 1
324 325 1
324 369 1
325 280 1
325 324 1
325 326 1
325 370 1
326 281 1
326 325 1
326 327 1
326 371 1
327 282 1
327 326 1
327 328 1
327 372 1
328 283 1
328 327 1
328 329 1
328 373 1
329 284 1
329 328 1
329 330 1
329 374 1
330 285 1
330 329 1
330 331 1
330 375 1
331 286 1
331 330 1
331 332 1
331 376 1
332 287 1
332 331 1
332 333 1
332 377 1
333 288 1
333 332 1
333 334 1
333 378 1
334 289 1
334 333 1
334 335 1
334 379 1
335 290 1
335 334 1
335 336 1
335 380 1
336 291 1
336 335 1
336 337 1
336 381 1
337 292 1
337 336 1
337 338 1
337 382 1
338 293 1
338 337 1
338 339 1
338 383 1
339 294 1
339 338 1
339 340 1
339 384 1
340 295 1
340 339 1
340 341 1
340 385 1
341 296 1
341 340 1
341 342 1
341 386 1
342 297 1
342 341 1
342 343 1
342 387 1
343 298 1
343 342 1
343 344 1
343 388 1
344 299 1
344 343 1
344 345 1
344 389 1
345 300 1
345 344 1
345 346 1
345 390 1
346 301 1
346 345 1
346 347 1
346 391 1
347 302 1
347 346 1
347 348 1
347 392 1
348 303 1
348 347 1
348 349 1
348 393 1
349 304 1
349 348 1
349 350 1
349 394 1
350 305 1
350 349 1
350 351 1
350 395 1
351 306 1
351 350 1
351 352 1
351 396 1
352 307 1
352 351 1
352 353 1
352 397 1
353 308 1
353 352 1
353 354 1
353 398 1
354 309 1
354 353 1
354 355 1
354 399 1
355 310 1
355 354 1
355 356 1
355 400 1
356 311 1
356 355 1
356 357 1
356 401 1
357 312 1
357 356 1
357 358 1
357 402 1
358 313 1
358 357 1
358 359 1
358 403 1
359 314 1
359 358 1
359 360 1
359 404 1
360 315 1
360 359 1
360 405 1
361 316 1
361 362 1
361 406 1
362 317 1
362 361 1
362 363 1
362 407 1
363 318 1
363 362 1
363 364 1
363 408 1
364 319 1
364 363 1
364 365 1
364 409 1
365 320 1
365 364 1
365 366 1
365 410 1
366 321 1
366 365 1
366 367 1
366 411 1
367 322 1
367 366 1
367 368 1
367 412 1
368 323 1
368 367 1
368 369 1
368 413 1
369 324 1
369 368 1
369 370 1
369 414 1
370 325 1
370 369 1
370 371 1
370 415 1
371 326 1
371 370 1
371 372 1
371 416 1
372 327 1
372 371 1
372 373 1
372 417 1
373 328 1
373 372 1
373 374 1
373 418 1
374 329 1
374 373 1
374 375 1
374 419 1
375 330 1
375 374 1
375 376 1
375 420 1
376 331 1
376 375 1
376 377 1
376 421 1
377 332 1
377 376 1
377 378 1
377 422 1
378 333 1
378 377 1
378 379 1
378 423 1
379 334 1
379 378 1
379 380 1
379 424 1
380 335 1
380 379 1
380 381 1
380 425 1
381 336 1
381 380 1
381 382 1
381 426 1
382 337 1
382 381 1
382 383 1
382 427 1
383 338 1
383 382 1
383 384 1
383 428 1
384 339 1
384 383 1
384 385 1
384 429 1
385 340 1
385 384 1
385 386 1
385 430 1
386 341 1
386 385 1
386 387 1
386 431 1
387 342 1
387 386 1
387 388 1
387 432 1
388 343 1
388 387 1
388 389 1
388 433 1
389 344 1
389 388 1
389 390 1
389 434 1
390 345 1
390 389 1
390 391 1
390 435 1
391 346 1
391 390 1
391 392 1
391 436 1
392 347 1
392 391 1
392 393 1
392 437 1
393 348 1
393 392 1
393 394 1
393 438 1
394 349 1
394 393 1
394 395 1
394 439 1
395 350 1
395 394 1
395 396 1
395 440 1
396 351 1
396 395 1
396 397 1
396 441 1
397 352 1
397 396 1
397 398 1
397 442 1
398 353 1
398 397 1
398 399 1
398 443 1
399 354 1
399 398 1
399 400 1
399 444 1
400 355 1
400 399 1
400 401 1
400 445 1
401 356 1
401 400 1
401 402 1
401 446 1
402 357 1
402 401 1
402 403 1
402 447 1
403 358 1
403 402 1
403 404 1
403 448 1
404 359 1
404 403 1
404 405 1
404 449 1
405 360 1
405 404 1
405 450 1
406 361 1
406 407 1
406 451 1
407 362 1
407 406 1
407 408 1
407 452 1
408 363 1
408 407 1
408 409 1
408 453 1
409 364 1
409 408 1
409 410 1
409 454 1
410 365 1
410 409 1
410 411 1
410 455 1
411 366 1
411 410 1
411 412 1
411 456 1
412 367 1
412 411 1
412 413 1
412 457 1
413 368 1
413 412 1
413 414 1
413 458 1
414 369 1
414 413 1
414 415 1
414 459 1
415 370 1
415 414 1
415 416 1
415 460 1
416 371 1
416 415 1
416 417 1
416 461 1
417 372 1
417 416 1
417 418 1
417 462 1
418 373 1
418 417 1
418 419 1
418 463 1
419 374 1
419 418 1
419 420 1
419 464 1
420 375 1
420 419 1
420 421 1
420 465 1
421 376 1
421 420 1
421 422 1
421 466 1
422 377 1
422 421 1
422 423 1
422 467 1
423 378 1
423 422 1
423 424 1
423 468 1
424 379 1
424 423 1
424 425 1
424 469 1
425 380 1
425 424 1
425 426 1
425 470 1
426 381 1
426 425 1
426 427 1
426 471 1
427 382 1
427 426 1
427 428 1
427 472 1
428 383 1
428 427 1
428 429 1
428 473 1
429 384 1
429 428 1
429 430 1
429 474 1
430 385 1
430 429 1
430 431 1
430 475 1
431 386 1
431 430 1
431 432 1
431 476 1
432 387 1
432 431 1
432 433 1
432 477 1
433 388 1
433 432 1
433 434 1
433 478 1
434 389 1
434 433 1
434 435 1
434 479 1
435 390 1
435 434 1
435 436 1
435 480 1
436 391 1
436 435 1
436 437 1
436 481 1
437 392 1
437 436 1
437 438 1
437 482 1
438 393 1
438 437 1
438 439 1
438 483 1
439 394 1
439 438 1
439 440 1
439 484 1
440 395 1
440 439 1
440 441 1
440 485 1
441 396 1
441 440 1
441 442 1
441 486 1
442 397 1
442 441 1
442 443 1
442 487 1
443 398 1
443 442 1
443 444 1
443 488 1
444 399 1
444 443 1
444 445 1
444 489 1
445 400 1
445 444 1
445 446 1
445 490 1
446 401 1
446 445 1
446 447 1
446 491 1
447 402 1
447 446 1
447 448 1
447 492 1
448 403 1
448 447 1
448 449 1
448 493 1
449 404 1
449 448 1
449 450 1
449 494 1
450 405 1
450 449 1
450 495 1
451 406 1
451 452 1
451 496 1
452 407 1
452 451 1
452 453 1
452 497 1
453 408 1
453 452 1
453 454 1
453 498 1
454 409 1
454 453 1
454 455 1
454 499 1
455 410 1
455 454 1
455 456 1
455 500 1
456 411 1
456 455 1
456 457 1
456 501 1
457 412 1
457 456 1
457 458 1
457 502 1
458 413 1
458 457 1
458 459 1
458 503 1
459 414 1
459 458 1
459 460 1
459 504 1
460 415 1
460 459 1
460 461 1
460 505 1
461 416 1
461 460 1
461 462 1
461 506 1
462 417 1
462 461 1
462 463 1
462 507 1
463 418 1
463 462 1
463 464 1
463 508 1
464 419 1
464 463 1
464 465 1
464 509 1
465 420 1
465 464 1
465 466 1
465 510 1
466 421 1
466 465 1
466 467 1
466 511 1
467 422 1
467 466 1
467 468 1
467 512 1
468 423 1
468 467 1
468 469 1
468 513 1
469 424 1
469 468 1
469 470 1
469 514 1
470 425 1
470 469 1
470 471 1
470 515 1
471 426 1
471 470 1
471 472 1
471 516 1
472 427 1
472 471 1
472 473 1
472 517 1
473 428 1
473 472 1
473 474 1
473 518 1
474 429 1
474 473 1
474 475 1
474 519 1
475 430 1
475 474 1
475 476 1
475 520 1
476 431 1
476 475 1
476 477 1
476 521 1
477 432 1
477 476 1
477 478 1
477 522 1
478 433 1
478 477 1
478 479 1
478 523 1
479 434 1
479 478 1
479 480 1
479 524 1
480 435 1
480 479 1
480 481 1
480 525 1
481 436 1
481 480 1
481 482 1
481 526 1
482 437 1
482 481 1
482 483 1
482 527 1
483 438 1
483 482 1
483 484 1
483 528 1
484 439 1
484 483 1
484 485 1
484 529 1
485 440 1
485 484 1
485 486 1
485 530 1
486 441 1
486 485 1
486 487 1
486 531 1
487 442 1
487 486 1
487 488 1
487 532 1
488 443 1
488 487 1
488 489 1
488 533 1
489 444 1
489 488 1
489 490 1
489 534 1
490 445 1
490 489 1
490 491 1
490 535 1
491 446 1
491 490 1
491 492 1
491 536 1
492 447 1
492 491 1
492 493 1
492 537 1
493 448 1
493 492 1
493 494 1
493 538 1
494 449 1
494 493 1
494 495 1
494 539 1
495 450 1
495 494 1
495 540 1
496 451 1
496 497 1
496 541 1
497 452 1
497 496 1
497 498 1
497 542 1
498 453 1
498 497 1
498 499 1
498 543 1
499 454 1
499 498 1
499 500 1
499 544 1
500 455 1
500 499 1
500 501 1
500 545 1
501 456 1
501 500 1
501 502 1
501 546 1
502 457 1
502 501 1
502 503 1
502 547 1
503 458 1
503 502 1
503 504 1
503 548 1
504 459 1
504 503 1
504 505 1
504 549 1
505 460 1
505 504 1
505 506 1
505 550 1
506 461 1
506 505 1
506 507 1
506 551 1
507 462 1
507 506 1
507 508 1
507 552 1
508 463 1
508 507 1
508 509 1
508 553 1
509 464 1
509 508 1
509 510 1
509 554 1
510 465 1
510 509 1
510 511 1
510 555 1
511 466 1
511 510 1
511 512 1
511 556 1
512 467 1
512 511 1
512 513 1
512 557 1
513 468 1
513 512 1
513 514 1
513 558 1
514 469 1
514 513 1
514 515 1
514 559 1
515 470 1
515 514 1
515 516 1
515 560 1
516 471 1
516 515 1
516 517 1
516 561 1
517 472 1
517 516 1
517 518 1
517 562 1
518 473 1
518 517 1
518 519 1
518 563 1
519 474 1
519 518 1
519 520 1
519 564 1
520 475 1
520 519 1
520 521 1
520 565 1
521 476 1
521 520 1
521 522 1
521 566 1
522 477 1
522 521 1
522 523 1
522 567 1
523 478 1
523 522 1
523 524 1
523 568 1
524 479 1
524 523 1
524 525 1
524 569 1
525 480 1
525 524 1
525 526 1
525 570 1
526 481 1
526 525 1
526 527 1
526 571 1
527 482 1
527 526 1
527 528 1
527 572 1
528 483 1
528 527 1
528 529 1
528 573 1
529 484 1
529 528 1
529 530 1
529 574 1
530 485 1
530 529 1
530 531 1
530 575 1
531 486 1
531 530 1
531 532 1
531 576 1
532 487 1
532 531 1
532 533 1
532 577 1
533 488 1
533 532 1
533 534 1
533 578 1
534 489 1
534 533 1
534 535 1
534 579 1
535 490 1
535 534 1
535 536 1
535 580 1
536 491 1
536 535 1
536 537 1
536 581 1
537 492 1
537 536 1
537 538 1
537 582 1
538 493 1
538 537 1
538 539 1
538 583 1
539 494 1
539 538 1
539 540 1
539 584 1
540 495 1
540 539 1
540 585 1
541 496 1
541 542 1
541 586 1
542 497 1
542 541 1
542 543 1
542 587 1
543 498 1
543 542 1
543 544 1
543 588 1
544 499 1
544 543 1
544 545 1
544 589 1
545 500 1
545 544 1
545 546 1
545 590 1
546 501 1
546 545 1
546 547 1
546 591 1
547 502 1
547 546 1
547 548 1
547 592 1
548 503 1
548 547 1
548 549 1
548 593 1
549 504 1
549 548 1
549 550 1
549 594 1
550 505 1
550 549 1
550 551 1
550 595 1
551 506 1
551 550 1
551 552 1
551 596 1
552 507 1
552 551 1
552 553 1
552 597 1
553 508 1
553 552 1
553 554 1
553 598 1
554 509 1
554 553 1
554 555 1
554 599 1
555 510 1
555 554 1
555 556 1
555 600 1
556 511 1
556 555 1
556 557 1
556 601 1
557 512 1
557 556 1
557 558 1
557 602 1
558 513 1
558 557 1
558 559 1
558 603 1
559 514 1
559 558 1
559 560 1
559 604 1
560 515 1
560 559 1
560 561 1
560 605 1
561 516 1
561 560 1
561 562 1
561 606 1
562 517 1
562 561 1
562 563 1
562 607 1
563 518 1
563 562 1
563 564 1
563 608 1
564 519 1
564 563 1
564 565 1
564 609 1
565 520 1
565 564 1
565 566 1
565 610 1
566 521 1
566 565 1
566 567 1
566 611 1
567 522 1
567 566 1
567 568 1
567 612 1
568 523 1
568 567 1
568 569 1
568 613 1
569 524 1
569 568 1
569 570 1
569 614 1
570 525 1
570 569 1
570 571 1
570 615 1
571 526 1
571 570 1
571 572 1
571 616 1
572 527 1
572 571 1
572 573 1
572 617 1
573 528 1
573 572 1
573 574 1
573 618 1
574 529 1
574 573 1
574 575 1
574 619 1
575 530 1
575 574 1
575 576 1
575 620 1
576 531 1
576 575 1
576 577 1
576 621 1
577 532 1
577 576 1
577 578 1
577 622 1
578 533 1
578 577 1
578 579 1
578 623 1
579 534 1
579 578 1
579 580 1
579 624 1
580 535 1
580 579 1
580 581 1
580 625 1
581 536 1
581 580 1
581 582 1
581 626 1
582 537 1
582 581 1
582 583 1
582 627 1
583 538 1
583 582 1
583 584 1
583 628 1
584 539 1
584 583 1
584 585 1
584 629 1
585 540 1
585 584 1
585 630 1
586 541 1
586 587 1
586 631 1
587 542 1
587 586 1
587 588 1
587 632 1
588 543 1
588 587 1
588 589 1
588 633 1
589 544 1
589 588 1
589 590 1
589 634 1
590 545 1
590 589 1
590 591 1
590 635 1
591 546 1
591 590 1
591 592 1
591 636 1
592 547 1
592 591 1
592 593 1
592 637 1
593 548 1
593 592 1
593 594 1
593 638 1
594 549 1
594 593 1
594 595 1
594 639 1
595 550 1
595 594 1
595 596 1
595 640 1
596 551 1
596 595 1
596 597 1
596 641 1
597 552 1
597 596 1
597 598 1
597 642 1
598 553 1
598 597 1
598 599 1
598 643 1
599 554 1
599 598 1
599 600 1
599 644 1
600 555 1
600 599 1
600 601 1
600 645 1
601 556 1
601 600 1
601 602 1
601 646 1
602 557 1
602 601 1
602 603 1
602 647 1
603 558 1
603 602 1
603 604 1
603 648 1
604 559 1
604 603 1
604 605 1
604 649 1
605 560 1
605 604 1
605 606 1
605 650 1
606 561 1
606 605 1
606 607 1
606 651 1
607 562 1
607 606 1
607 608 1
607 652 1
608 563 1
608 607 1
608 609 1
608 653 1
609 564 1
609 608 1
609 610 1
609 654 1
610 565 1
610 609 1
610 611 1
610 655 1
611 566 1
611 610 1
611 612 1
611 656 1
612 567 1
612 611 1
612 613 1
612 657 1
613 568 1
613 612 1
613 614 1
613 658 1
614 569 1
614 613 1
614 615 1
614 659 1
615 570 1
615 614 1
615 616 1
615 660 1
616 571 1
616 615 1
616 617 1
616 661 1
617 572 1
617 616 1
617 618 1
617 662 1
618 573 1
618 617 1
618 619 1
618 663 1
619 574 1
619 618 1
619 620 1
619 664 1
620 575 1
620 619 1
620 621 1
620 665 1
621 576 1
621 620 1
621 622 1
621 666 1
622 577 1
622 621 1
622 623 1
622 667 1
623 578 1
623 622 1
623 624 1
623 668 1
624 579 1
624 623 1
624 625 1
624 669 1
625 580 1
625 624 1
625 626 1
625 670 1
626 581 1
626 625 1
626 627 1
626 671 1
627 582 1
627 626 1
627 628 1
627 672 1
628 583 1
628 627 1
628 629 1
628 673 1
629 584 1
629 628 1
629 630 1
629 674 1
630 585 1
630 629 1
630 675 1
631 586 1
631 632 1
631 676 1
632 587 1
632 631 1
632 633 1
632 677 1
633 588 1
633 632 1
633 634 1
633 678 1
634 589 1
634 633 1
634 635 1
634 679 1
635 590 1
635 634 1
635 636 1
635 680 1
636 591 1
636 635 1
636 637 1
636 681 1
637 592 1
637 636 1
637 638 1
637 682 1
638 593 1
638 637 1
638 639 1
638 683 1
639 594 1
639 638 1
639 640 1
639 684 1
640 595 1
640 639 1
640 641 1
640 685 1
641 596 1
641 640 1
641 642 1
641 686 1
642 597 1
642 641 1
642 643 1
642 687 1
643 598 1
643 642 1
643 644 1
643 688 1
644 599 1
644 643 1
644 645 1
644 689 1
645 600 1
645 644 1
645 646 1
645 690 1
646 601 1
646 645 1
646 647 1
646 691 1
647 602 1
647 646 1
647 648 1
647 692 1
648 603 1
648 647 1
648 649 1
648 693 1
649 604 1
649 648 1
649 650 1
649 694 1
650 605 1
650 649 1
650 651 1
650 695 1
651 606 1
651 650 1
651 652 1
651 696 1
652 607 1
652 651 1
652 653 1
652 697 1
653 608 1
653 652 1
653 654 1
653 698 1
654 609 1
654 653 1
654 655 1
654 699 1
655 610 1
655 654 1
655 656 1
655 700 1
656 611 1
656 655 1
656 657 1
656 701 1
657 612 1
657 656 1
657 658 1
657 702 1
658 613 1
658 657 1
658 659 1
658 703 1
659 614 1
659 658 1
659 660 1
659 704 1
660 615 1
660 659 1
660 661 1
660 705 1
661 616 1
661 660 1
661 662 1
661 706 1
662 617 1
662 661 1
662 663 1
662 707 1
663 618 1
663 662 1
663 664 1
663 708 1
664 619 1
664 663 1
664 665 1
664 709 1
665 620 1
665 664 1
665 666 1
665 710 1
666 621 1
666 665 1
666 667 1
666 711 1
667 622 1
667 666 1
667 668 1
667 712 1
668 623 1
668 667 1
668 669 1
668 713 1
669 624 1
669 668 1
669 670 1
669 714 1
670 625 1
670 669 1
670 671 1
670 715 1
671 626 1
671 670 1
671 672 1
671 716 1
672 627 1
672 671 1
672 673 1
672 717 1
673 628 1
673 672 1
673 674 1
673 718 1
674 629 1
674 673 1
674 675 1
674 719 1
675 630 1
675 674 1
675 720 1
676 631 1
676 677 1
676 721 1
677 632 1
677 676 1
677 678 1
677 722 1
678 633 1
678 677 1
678 679 1
678 723 1
679 634 1
679 678 1
679 680 1
679 724 1
680 635 1
680 679 1
680 681 1
680 725 1
681 636 1
681 680 1
681 682 1
681 726 1
682 637 1
682 681 1
682 683 1
682 727 1
683 638 1
683 682 1
683 684 1
683 728 1
684 639 1
684 683 1
684 685 1
684 729 1
685 640 1
685 684 1
685 686 1
685 730 1
686 641 1
686 685 1
686 687 1
686 731 1
687 642 1
687 686 1
687 688 1
687 732 1
688 643 1
688 687 1
688 689 1
688 733 1
689 644 1
689 688 1
689 690 1
689 734 1
690 645 1
690 689 1
690 691 1
690 735 1
691 646 1
691 690 1
691 692 1
691 736 1
692 647 1
692 691 1
692 693 1
692 737 1
693 648 1
693 692 1
693 694 1
693 738 1
694 649 1
694 693 1
694 695 1
694 739 1
695 650 1
695 694 1
695 696 1
695 740 1
696 651 1
696 695 1
696 697 1
696 741 1
697 652 1
697 696 1
697 698 1
697 742 1
698 653 1
698 697 1
698 699 1
698 743 1
699 654 1
699 698 1
699 700 1
699 744 1
700 655 1
700 699 1
700 701 1
700 745 1
701 656 1
701 700 1
701 702 1
701 746 1
702 657 1
702 701 1
702 703 1
702 747 1
703 658 1
703 702 1
703 704 1
703 748 1
704 659 1
704 703 1
704 705 1
704 749 1
705 660 1
705 704 1
705 706 1
705 750 1
706 661 1
706 705 1
706 707 1
706 751 1
707 662 1
707 706 1
707 708 1
707 752 1
708 663 1
708 707 1
708 709 1
708 753 1
709 664 1
709 708 1
709 710 1
709 754 1
710 665 1
710 709 1
710 711 1
710 755 1
711 666 1
711 710 1
711 712 1
711 756 1
712 667 1
712 711 1
712 713 1
712 757 1
713 668 1
713 712 1
713 714 1
713 758 1
714 669 1
714 713 1
714 715 1
714 759 1
715 670 1
715 714 1
715 716 1
715 760 1
716 671 1
716 715 1
716 717 1
716 761 1
717 672 1
717 716 1
717 718 1
717 762 1
718 673 1
718 717 1
718 719 1
718 763 1
719 674 1
719 718 1
719 720 1
719 764 1
720 675 1
720 719 1
720 765 1
721 676 1
721 722 1
721 766 1
722 677 1
722 721 1
722 723 1
722 767 1
723 678 1
723 722 1
723 724 1
723 768 1
724 679 1
724 723 1
724 725 1
724 769 1
725 680 1
725 724 1
725 726 1
725 770 1
726 681 1
726 725 1
726 727 1
726 771 1
727 682 1
727 726 1
727 728 1
727 772 1
728 683 1
728 727 1
728 729 1
728 773 1
729 684 1
729 728 1
729 730 1
729 774 1
730 685 1
730 729 1
730 731 1
730 775 1
731 686 1
731 730 1
731 732 1
731 776 1
732 687 1
732 731 1
732 733 1
732 777 1
733 688 1
733 732 1
733 734 1
733 778 1
734 689 1
734 733 1
734 735 1
734 779 1
735 690 1
735 734 1
735 736 1
735 780 1
736 691 1
736 735 1
736 737 1
736 781 1
737 692 1
737 736 1
737 738 1
737 782 1
738 693 1
738 737 1
738 739 1
738 783 1
739 694 1
739 738 1
739 740 1
739 784 1
740 695 1
740 739 1
740 741 1
740 785 1
741 696 1
741 740 1
741 742 1
741 786 1
742 697 1
742 741 1
742 743 1
742 787 1
743 698 1
743 742 1
743 744 1
743 788 1
744 699 1
744 743 1
744 745 1
744 789 1
745 700 1
745 744 1
745 746 1
745 790 1
746 701 1
746 745 1
746 747 1
746 791 1
747 702 1
747 746 1
747 748 1
747 792 1
748 703 1
748 747 1
748 749 1
748 793 1
749 704 1
749 748 1
749 750 1
749 794 1
750 705 1
750 749 1
750 751 1
750 795 1
751 706 1
751 750 1
751 752 1
751 796 1
752 707 1
752 751 1
752 753 1
752 797 1
753 708 1
753 752 1
753 754 1
753 798 1
754 709 1
754 753 1
754 755 1
754 799 1
755 710 1
755 754 1
755 756 1
755 800 1
756 711 1
756 755 1
756 757 1
756 801 1
757 712 1
757 756 1
757 758 1
757 802 1
758 713 1
758 757 1
758 759 1
758 803 1
759 714 1
759 758 1
759 760 1
759 804 1
760 715 1
760 759 1
760 761 1
760 805 1
761 716 1
761 760 1
761 762 1
761 806 1
762 717 1
762 761 1
762 763 1
762 807 1
763 718 1
763 762 1
763 764 1
763 808 1
764 719 1
764 763 1
764 765 1
764 809 1
765 720 1
765 764 1
765 810 1
766 721 1
766 767 1
766 811 1
767 722 1
767 766 1
767 768 1
767 812 1
768 723 1
768 767 1
768 769 1
768 813 1
769 724 1
769 768 1
769 770 1
769 814 1
770 725 1
770 769 1
770 771 1
770 815 1
771 726 1
771 770 1
771 772 1
771 816 1
772 727 1
772 771 1
772 773 1
772 817 1
773 728 1
773 772 1
773 774 1
773 818 1
774 729 1
774 773 1
774 775 1
774 819 1
775 730 1
775 774 1
775 776 1
775 820 1
776 731 1
776 775 1
776 777 1
776 821 1
777 732 1
777 776 1
777 778 1
777 822 1
778 733 1
778 777 1
778 779 1
778 823 1
779 734 1
779 778 1
779 780 1
779 824 1
780 735 1
780 779 1
780 781 1
780 825 1
781 736 1
781 780 1
781 782 1
781 826 1
782 737 1
782 781 1
782 783 1
782 827 1
783 738 1
783 782 1
783 784 1
783 828 1
784 739 1
784 783 1
784 785 1
784 829 1
785 740 1
785 784 1
785 786 1
785 830 1
786 741 1
786 785 1
786 787 1
786 831 1
787 742 1
787 786 1
787 788 1
787 832 1
788 743 1
788 787 1
788 789 1
788 833 1
789 744 1
789 788 1
789 790 1
789 834 1
790 745 1
790 789 1
790 791 1
790 835 1
791 746 1
791 790 1
791 792 1
791 836 1
792 747 1
792 791 1
792 793 1
792 837 1
793 748 1
793 792 1
793 794 1
793 838 1
794 749 1
794 793 1
794 795 1
794 839 1
795 750 1
795 794 1
795 796 1
795 840 1
796 751 1
796 795 1
796 797 1
796 841 1
797 752 1
797 796 1
797 798 1
797 842 1
798 753 1
798 797 1
798 799 1
798 843 1
799 754 1
799 798 1
799 800 1
799 844 1
800 755 1
800 799 1
800 801 1
800 845 1
801 756 1
801 800 1
801 802 1
801 846 1
802 757 1
802 801 1
802 803 1
802 847 1
803 758 1
803 802 1
803 804 1
803 848 1
804 759 1
804 803 1
804 805 1
804 849 1
805 760 1
805 804 1
805 806 1
805 850 1
806 761 1
806 805 1
806 807 1
806 851 1
807 762 1
807 806 1
807 808 1
807 852 1
808 763 1
808 807 1
808 809 1
808 853 1
809 764 1
809 808 1
809 810 1
809 854 1
810 765 1
810 809 1
810 855 1
811 766 1
811 812 1
811 856 1
812 767 1
812 811 1
812 813 1
812 857 1
813 768 1
813 812 1
813 814 1
813 858 1
814 769 1
814 813 1
814 815 1
814 859 1
815 770 1
815 814 1
815 816 1
815 860 1
816 771 1
816 815 1
816 817 1
816 861 1
817 772 1
817 816 1
817 818 1
817 862 1
818 773 1
818 817 1
818 819 1
818 863 1
819 774 1
819 818 1
819 820 1
819 864 1
820 775 1
820 819 1
820 821 1
820 865 1
821 776 1
821 820 1
821 822 1
821 866 1
822 777 1
822 821 1
822 823 1
822 867 1
823 778 1
823 822 1
823 824 1
823 868 1
824 779 1
824 823 1
824 825 1
824 869 1
825 780 1
825 824 1
825 826 1
825 870 1
826 781 1
826 825 1
826 827 1
826 871 1
827 782 1
827 826 1
827 828 1
827 872 1
828 783 1
828 827 1
828 829 1
828 873 1
829 784 1
829 828 1
829 830 1
829 874 1
830 785 1
830 829 1
830 831 1
830 875 1
831 786 1
831 830 1
831 832 1
831 876 1
832 787 1
832 831 1
832 833 1
832 877 1
833 788 1
833 832 1
833 834 1
833 878 1
834 789 1
834 833 1
834 835 1
834 879 1
835 790 1
835 834 1
835 836 1
835 880 1
836 791 1
836 835 1
836 837 1
836 881 1
837 792 1
837 836 1
837 838 1
837 882 1
838 793 1
838 837 1
838 839 1
838 883 1
839 794 1
839 838 1
839 840 1
839 884 1
840 795 1
840 839 1
840 841 1
840 885 1
841 796 1
841 840 1
841 842 1
841 886 1
842 797 1
842 841 1
842 843 1
842 887 1
843 798 1
843 842 1
843 844 1
843 888 1
844 799 1
844 843 1
844 845 1
844 889 1
845 800 1
845 844 1
845 846 1
845 890 1
846 801 1
846 845 1
846 847 1
846 891 1
847 802 1
847 846 1
847 848 1
847 892 1
848 803 1
848 847 1
848 849 1
848 893 1
849 804 1
849 848 1
849 850 1
849 894 1
850 805 1
850 849 1
850 851 1
850 895 1
851 806 1
851 850 1
851 852 1
851 896 1
852 807 1
852 851 1
852 853 1
852 897 1
853 808 1
853 852 1
853 854 1
853 898 1
854 809 1
854 853 1
854 855 1
854 899 1
855 810 1
855 854 1
855 900 1
856 811 1
856 857 1
856 901 1
857 812 1
857 856 1
857 858 1
857 902 1
858 813 1
858 857 1
858 859 1
858 903 1
859 814 1
859 858 1
859 860 1
859 904 1
860 815 1
860 859 1
860 861 1
860 905 1
861 816 1
861 860 1
861 862 1
861 906 1
862 817 1
862 861 1
862 863 1
862 907 1
863 818 1
863 862 1
863 864 1
863 908 1
864 819 1
864 863 1
864 865 1
864 909 1
865 820 1
865 864 1
865 866 1
865 910 1
866 821 1
866 865 1
866 867 1
866 911 1
867 822 1
867 866 1
867 868 1
867 912 1
868 823 1
868 867 1
868 869 1
868 913 1
869 824 1
869 868 1
869 870 1
869 914 1
870 825 1
870 869 1
870 871 1
870 915 1
871 826 1
871 870 1
871 872 1
871 916 1
872 827 1
872 871 1
872 873 1
872 917 1
873 828 1
873 872 1
873 874 1
873 918 1
874 829 1
874 873 1
874 875 1
874 919 1
875 830 1
875 874 1
875 876 1
875 920 1
876 831 1
876 875 1
876 877 1
876 921 1
877 832 1
877 876 1
877 878 1
877 922 1
878 833 1
878 877 1
878 879 1
878 923 1
879 834 1
879 878 1
879 880 1
879 924 1
880 835 1
880 879 1
880 881 1
880 925 1
881 836 1
881 880 1
881 882 1
881 926 1
882 837 1
882 881 1
882 883 1
882 927 1
883 838 1
883 882 1
883 884 1
883 928 1
884 839 1
884 883 1
884 885 1
884 929 1
885 840 1
885 884 1
885 886 1
885 930 1
886 841 1
886 885 1
886 887 1
886 931 1
887 842 1
887 886 1
887 888 1
887 932 1
888 843 1
888 887 1
888 889 1
888 933 1
889 844 1
889 888 1
889 890 1
889 934 1
890 845 1
890 889 1
890 891 1
890 935 1
891 846 1
891 890 1
891 892 1
891 936 1
892 847 1
892 891 1
892 893 1
892 937 1
893 848 1
893 892 1
893 894 1
893 938 1
894 849 1
894 893 1
894 895 1
894 939 1
895 850 1
895 894 1
895 896 1
895 940 1
896 851 1
896 895 1
896 897 1
896 941 1
897 852 1
897 896 1
897 898 1
897 942 1
898 853 1
898 897 1
898 899 1
898 943 1
899 854 1
899 898 1
899 900 1
899 944 1
900 855 1
900 899 1
900 945 1
901 856 1
901 902 1
901 946 1
902 857 1
902 901 1
902 903 1
902 947 1
903 858 1
903 902 1
903 904 1
903 948 1
904 859 1
904 903 1
904 905 1
904 949 1
905 860 1
905 904 1
905 906 1
905 950 1
906 861 1
906 905 1
906 907 1
906 951 1
907 862 1
907 906 1
907 908 1
907 952 1
908 863 1
908 907 1
908 909 1
908 953 1
909 864 1
909 908 1
909 910 1
909 954 1
910 865 1
910 909 1
910 911 1
910 955 1
911 866 1
911 910 1
911 912 1
911 956 1
912 867 1
912 911 1
912 913 1
912 957 1
913 868 1
913 912 1
913 914 1
913 958 1
914 869 1
914 913 1
914 915 1
914 959 1
915 870 1
915 914 1
915 916 1
915 960 1
916 871 1
916 915 1
916 917 1
916 961 1
917 872 1
917 916 1
917 918 1
917 962 1
918 873 1
918 917 1
918 919 1
918 963 1
919 874 1
919 918 1
919 920 1
919 964 1
920 875 1
920 919 1
920 921 1
920 965 1
921 876 1
921 920 1
921 922 1
921 966 1
922 877 1
922 921 1
922 923 1
922 967 1
923 878 1
923 922 1
923 924 1
923 968 1
924 879 1
924 923 1
924 925 1
924 969 1
925 880 1
925 924 1
925 926 1
925 970 1
926 881 1
926 925 1
926 927 1
926 971 1
927 882 1
927 926 1
927 928 1
927 972 1
928 883 1
928 927 1
928 929 1
928 973 1
929 884 1
929 928 1
929 930 1
929 974 1
930 885 1
930 929 1
930 931 1
930 975 1
931 886 1
931 930 1
931 932 1
931 976 1
932 887 1
932 931 1
932 933 1
932 977 1
933 888 1
933 932 1
933 934 1
933 978 1
934 889 1
934 933 1
934 935 1
934 979 1
935 890 1
935 934 1
935 936 1
935 980 1
936 891 1
936 935 1
936 937 1
936 981 1
937 892 1
937 936 1
937 938 1
937 982 1
938 893 1
938 937 1
938 939 1
938 983 1
939 894 1
939 938 1
939 940 1
939 984 1
940 895 1
940 939 1
940 941 1
940 985 1
941 896 1
941 940 1
941 942 1
941 986 1
942 897 1
942 941 1
942 943 1
942 987 1
943 898 1
943 942 1
943 944 1
943 988 1
944 899 1
944 943 1
944 945 1
944 989 1
945 900 1
945 944 1
945 990 1
946 901 1
946 947 1
946 991 1
947 902 1
947 946 1
947 948 1
947 992 1
948 903 1
948 947 1
948 949 1
948 993 1
949 904 1
949 948 1
949 950 1
949 994 1
950 905 1
950 949 1
950 951 1
950 995 1
951 906 1
951 950 1
951 952 1
951 996 1
952 907 1
952 951 1
952 953 1
952 997 1
953 908 1
953 952 1
953 954 1
953 998 1
954 909 1
954 953 1
954 955 1
954 999 1
955 910 1
955 954 1
955 956 1
955 1000 1
956 911 1
956 955 1
956 957 1
956 1001 1
957 912 1
957 956 1
957 958 1
957 1002 1
958 913 1
958 957 1
958 959 1
958 1003 1
959 914 1
959 958 1
959 960 1
959 1004 1
960 915 1
960 959 1
960 961 1
960 1005 1
961 916 1
961 960 1
961 962 1
961 1006 1
962 917 1
962 961 1
962 963 1
962 1007 1
963 918 1
963 962 1
963 964 1
963 1008 1
964 919 1
964 963 1
964 965 1
964 1009 1
965 920 1
965 964 1
965 966 1
965 1010 1
966 921 1
966 965 1
966 967 1
966 1011 1
967 922 1
967 966 1
967 968 1
967 1012 1
968 923 1
968 967 1
968 969 1
968 1013 1
969 924 1
969 968 1
969 970 1
969 1014 1
970 925 1
970 969 1
970 971 1
970 1015 1
971 926 1
971 970 1
971 972 1
971 1016 1
972 927 1
972 971 1
972 973 1
972 1017 1
973 928 1
973 972 1
973 974 1
973 1018 1
974 929 1
974 973 1
974 975 1
974 1019 1
975 930 1
975 974 1
975 976 1
975 1020 1
976 931 1
976 975 1
976 977 1
976 1021 1
977 932 1
977 976 1
977 978 1
977 1022 1
978 933 1
978 977 1
978 979 1
978 1023 1
979 934 1
979 978 1
979 980 1
979 1024 1
980 935 1
980 979 1
980 981 1
980 1025 1
981 936 1
981 980 1
981 982 1
981 1026 1
982 937 1
982 981 1
982 983 1
982 1027 1
983 938 1
983 982 1
983 984 1
983 1028 1
984 939 1
984 983 1
984 985 1
984 1029 1
985 940 1
985 984 1
985 986 1
985 1030 1
986 941 1
986 985 1
986 987 1
986 1031 1
987 942 1
987 986 1
987 988 1
987 1032 1
988 943 1
988 987 1
988 989 1
988 1033 1
989 944 1
989 988 1
989 990 1
989 1034 1
990 945 1
990 989 1
990 1035 1
991 946 1
991 992 1
991 1036 1
992 947 1
992 991 1
992 993 1
992 1037 1
993 948 1
993 992 1
993 994 1
993 1038 1
994 949 1
994 993 1
994 995 1
994 1039 1
995 950 1
995 994 1
995 996 1
995 1040 1
996 951 1
996 995 1
996 997 1
996 1041 1
997 952 1
997 996 1
997 998 1
997 1042 1
998 953 1
998 997 1
998 999 1
998 1043 1
999 954 1
999 998 1
999 1000 1
999 1044 1
1000 955 1
1000 999 1
1000 1001 1
1000 1045 1
1001 956 1
1001 1000 1
1001 1002 1
1001 1046 1
1002 957 1
1002 1001 1
1002 1003 1
1002 1047 1
1003 958 1
1003 1002 1
1003 1004 1
1003 1048 1
1004 959 1
1004 1003 1
1004 1005 1
1004 1049 1
1005 960 1
1005 1004 1
1005 1006 1
1005 1050 1
1006 961 1
1006 1005 1
1006 1007 1
1006 1051 1
1007 962 1
1007 1006 1
1007 1008 1
1007 1052 1
1008 963 1
1008 1007 1
1008 1009 1
1008 1053 1
1009 964 1
1009 1008 1
1009 1010 1
1009 1054 1
1010 965 1
1010 1009 1
1010 1011 1
1010 1055 1
1011 966 1
1011 1010 1
1011 1012 1
1011 1056 1
1012 967 1
1012 1011 1
1012 1013 1
1012 1057 1
1013 968 1
1013 1012 1
1013 1014 1
1013 1058 1
1014 969 1
1014 1013 1
1014 1015 1
1014 1059 1
1015 970 1
1015 1014 1
1015 1016 1
1015 1060 1
1016 971 1
1016 1015 1
1016 1017 1
1016 1061 1
1017 972 1
1017 1016 1
1017 1018 1
1017 1062 1
1018 973 1
1018 1017 1
1018 1019 1
1018 1063 1
1019 974 1
1019 1018 1
1019 1020 1
1019 1064 1
1020 975 1
1020 1019 1
1020 1021 1
1020 1065 1
1021 976 1
1021 1020 1
1021 1022 1
1021 1066 1
1022 977 1
1022 1021 1
1022 1023 1
1022 1067 1
1023 978 1
1023 1022 1
1023 1024 1
1023 1068 1
1024 979 1
1024 1023 1
1024 1025 1
1024 1069 1
1025 980 1
1025 1024 1
1025 1026 1
1025 1070 1
1026 981 1
1026 1025 1
1026 1027 1
1026 1071 1
1027 982 1
1027 1026 1
1027 1028 1
1027 1072 1
1028 983 1
1028 1027 1
1028 1029 1
1028 1073 1
1029 984 1
1029 1028 1
1029 1030 1
1029 1074 1
1030 985 1
1030 1029 1
1030 1031 1
1030 1075 1
1031 986 1
1031 1030 1
1031 1032 1
1031 1076 1
1032 987 1
1032 1031 1
1032 1033 1
1032 1077 1
1033 988 1
1033 1032 1
1033 1034 1
1033 1078 1
1034 989 1
1034 1033 1
1034 1035 1
1034 1079 1
1035 990 1
1035 1034 1
1035 1080 1
1036 991 1
1036 1037 1
1036 1081 1
1037 992 1
1037 1036 1
1037 1038 1
1037 1082 1
1038 993 1
1038 1037 1
1038 1039 1
1038 1083 1
1039 994 1
1039 1038 1
1039 1040 1
1039 1084 1
1040 995 1
1040 1039 1
1040 1041 1
1040 1085 1
1041 996 1
1041 1040 1
1041 1042 1
1041 1086 1
1042 997 1
1042 1041 1
1042 1043 1
1042 1087 1
1043 998 1
1043 1042 1
1043 1044 1
1043 1088 1
1044 999 1
1044 1043 1
1044 1045 1
1044 1089 1
1045 1000 1
1045 1044 1
1045 1046 1
1045 1090 1
1046 1001 1
1046 1045 1
1046 1047 1
1046 1091 1
1047 1002 1
1047 1046 1
1047 1048 1
1047 1092 1
1048 1003 1
1048 1047 1
1048 1049 1
1048 1093 1
1049 1004 1
1049 1048 1
1049 1050 1
1049 1094 1
1050 1005 1
1050 1049 1
1050 1051 1
1050 1095 1
1051 1006 1
1051 1050 1
1051 1052 1
1051 1096 1
1052 1007 1
1052 1051 1
1052 1053 1
1052 1097 1
1053 1008 1
1053 1052 1
1053 1054 1
1053 1098 1
1054 1009 1
1054 1053 1
1054 1055 1
1054 1099 1
1055 1010 1
1055 1054 1
1055 1056 1
1055 1100 1
1056 1011 1
1056 1055 1
1056 1057 1
1056 1101 1
1057 1012 1
1057 1056 1
1057 1058 1
1057 1102 1
1058 1013 1
1058 1057 1
1058 1059 1
1058 1103 1
1059 1014 1
1059 1058 1
1059 1060 1
1059 1104 1
1060 1015 1
1060 1059 1
1060 1061 1
1060 1105 1
1061 1016 1
1061 1060 1
1061 1062 1
1061 1106 1
1062 1017 1
1062 1061 1
1062 1063 1
1062 1107 1
1063 1018 1
1063 1062 1
1063 1064 1
1063 1108 1
1064 1019 1
1064 1063 1
1064 1065 1
1064 1109 1
1065 1020 1
1065 1064 1
1065 1066 1
1065 1110 1
1066 1021 1
1066 1065 1
1066 1067 1
1066 1111 1
1067 1022 1
1067 1066 1
1067 1068 1
1067 1112 1
1068 1023 1
1068 1067 1
1068 1069 1
1068 1113 1
1069 1024 1
1069 1068 1
1069 1070 1
1069 1114 1
1070 1025 1
1070 1069 1
1070 1071 1
1070 1115 1
1071 1026 1
1071 1070 1
1071 1072 1
1071 1116 1
1072 1027 1
1072 1071 1
1072 1073 1
1072 1117 1
1073 1028 1
1073 1072 1
1073 1074 1
1073 1118 1
1074 1029 1
1074 1073 1
1074 1075 1
1074 1119 1
1075 1030 1
1075 1074 1
1075 1076 1
1075 1120 1
1076 1031 1
1076 1075 1
1076 1077 1
1076 1121 1
1077 1032 1
1077 1076 1
1077 1078 1
1077 1122 1
1078 1033 1
1078 1077 1
1078 1079 1
1078 1123 1
1079 1034 1
1079 1078 1
1079 1080 1
1079 1124 1
1080 1035 1
1080 1079 1
1080 1125 1
1081 1036 1
1081 1082 1
1081 1126 1
1082 1037 1
1082 1081 1
1082 1083 1
1082 1127 1
1083 1038 1
1083 1082 1
1083 1084 1
1083 1128 1
1084 1039 1
1084 1083 1
1084 1085 1
1084 1129 1
1085 1040 1
1085 1084 1
1085 1086 1
1085 1130 1
1086 1041 1
1086 1085 1
1086 1087 1
1086 1131 1
1087 1042 1
1087 1086 1
1087 1088 1
1087 1132 1
1088 1043 1
1088 1087 1
1088 1089 1
1088 1133 1
1089 1044 1
1089 1088 1
1089 1090 1
1089 1134 1
1090 1045 1
1090 1089 1
1090 1091 1
1090 1135 1
1091 1046 1
1091 1090 1
1091 1092 1
1091 1136 1
1092 1047 1
1092 1091 1
1092 1093 1
1092 1137 1
1093 1048 1
1093 1092 1
1093 1094 1
1093 1138 1
1094 1049 1
1094 1093 1
1094 1095 1
1094 1139 1
1095 1050 1
1095 1094 1
1095 1096 1
1095 1140 1
1096 1051 1
1096 1095 1
1096 1097 1
1096 1141 1
1097 1052 1
1097 1096 1
1097 1098 1
1097 1142 1
1098 1053 1
1098 1097 1
1098 1099 1
1098 1143 1
1099 1054 1
1099 1098 1
1099 1100 1
1099 1144 1
1100 1055 1
1100 1099 1
1100 1101 1
1100 1145 1
1101 1056 1
1101 1100 1
1101 1102 1
1101 1146 1
1102 1057 1
1102 1101 1
1102 1103 1
1102 1147 1
1103 1058 1
1103 1102 1
1103 1104 1
1103 1148 1
1104 1059 1
1104 1103 1
1104 1105 1
1104 1149 1
1105 1060 1
1105 1104 1
1105 1106 1
1105 1150 1
1106 1061 1
1106 1105 1
1106 1107 1
1106 1151 1
1107 1062 1
1107 1106 1
1107 1108 1
1107 1152 1
1108 1063 1
1108 1107 1
1108 1109 1
1108 1153 1
1109 1064 1
1109 1108 1
1109 1110 1
1109 1154 1
1110 1065 1
1110 1109 1
1110 1111 1
1110 1155 1
1111 1066 1
1111 1110 1
1111 1112 1
1111 1156 1
1112 1067 1
1112 1111 1
1112 1113 1
1112 1157 1
1113 1068 1
1113 1112 1
1113 1114 1
1113 1158 1
1114 1069 1
1114 1113 1
1114 1115 1
1114 1159 1
1115 1070 1
1115 1114 1
1115 1116 1
1115 1160 1
1116 1071 1
1116 1115 1
1116 1117 1
1116 1161 1
1117 1072 1
1117 1116 1
1117 1118 1
1117 1162 1
1118 1073 1
1118 1117 1
1118 1119 1
1118 1163 1
1119 1074 1
1119 1118 1
1119 1120 1
1119 1164 1
1120 1075 1
1120 1119 1
1120 1121 1
1120 1165 1
1121 1076 1
1121 1120 1
1121 1122 1
1121 1166 1
1122 1077 1
1122 1121 1
1122 1123 1
1122 1167 1
1123 1078 1
1123 1122 1
1123 1124 1
1123 1168 1
1124 1079 1
1124 1123 1
1124 1125 1
1124 1169 1
1125 1080 1
1125 1124 1
1125 1170 1
1126 1081 1
1126 1127 1
1126 1171 1
1127 1082 1
1127 1126 1
1127 1128 1
1127 1172 1
1128 1083 1
1128 1127 1
1128 1129 1
1128 1173 1
1129 1084 1
1129 1128 1
1129 1130 1
1129 1174 1
1130 1085 1
1130 1129 1
1130 1131 1
1130 1175 1
1131 1086 1
1131 1130 1
1131 1132 1
1131 1176 1
1132 1087 1
1132 1131 1
1132 1133 1
1132 1177 1
1133 1088 1
1133 1132 1
1133 1134 1
1133 1178 1
1134 1089 1
1134 1133 1
1134 1135 1
1134 1179 1
1135 1090 1
1135 1134 1
1135 1136 1
1135 1180 1
1136 1091 1
1136 1135 1
1136 1137 1
1136 1181 1
1137 1092 1
1137 1136 1
1137 1138 1
1137 1182 1
1138 1093 1
1138 1137 1
1138 1139 1
1138 1183 1
1139 1094 1
1139 1138 1
1139 1140 1
1139 1184 1
1140 1095 1
1140 1139 1
1140 1141 1
1140 1185 1
1141 1096 1
1141 1140 1
1141 1142 1
1141 1186 1
1142 1097 1
1142 1141 1
1142 1143 1
1142 1187 1
1143 1098 1
1143 1142 1
1143 1144 1
1143 1188 1
1144 1099 1
1144 1143 1
1144 1145 1
1144 1189 1
1145 1100 1
1145 1144 1
1145 1146 1
1145 1190 1
1146 1101 1
1146 1145 1
1146 1147 1
1146 1191 1
1147 1102 1
1147 1146 1
1147 1148 1
1147 1192 1
1148 1103 1
1148 1147 1
1148 1149 1
1148 1193 1
1149 1104 1
1149 1148 1
1149 1150 1
1149 1194 1
1150 1105 1
1150 1149 1
1150 1151 1
1150 1195 1
1151 1106 1
1151 1150 1
1151 1152 1
1151 1196 1
1152 1107 1
1152 1151 1
1152 1153 1
1152 1197 1
1153 1108 1
1153 1152 1
1153 1154 1
1153 1198 1
1154 1109 1
1154 1153 1
1154 1155 1
1154 1199 1
1155 1110 1
1155 1154 1
1155 1156 1
1155 1200 1
1156 1111 1
1156 1155 1
1156 1157 1
1156 1201 1
1157 1112 1
1157 1156 1
1157 1158 1
1157 1202 1
1158 1113 1
1158 1157 1
1158 1159 1
1158 1203 1
1159 1114 1
1159 1158 1
1159 1160 1
1159 1204 1
1160 1115 1
1160 1159 1
1160 1161 1
1160 1205 1
1161 1116 1
1161 1160 1
1161 1162 1
1161 1206 1
1162 1117 1
1162 1161 1
1162 1163 1
1162 1207 1
1163 1118 1
1163 1162 1
1163 1164 1
1163 1208 1
1164 1119 1
1164 1163 1
1164 1165 1
1164 1209 1
1165 1120 1
1165 1164 1
1165 1166 1
1165 1210 1
1166 1121 1
1166 1165 1
1166 1167 1
1166 1211 1
1167 1122 1
1167 1166 1
1167 1168 1
1167 1212 1
1168 1123 1
1168 1167 1
1168 1169 1
1168 1213 1
1169 1124 1
1169 1168 1
1169 1170 1
1169 1214 1
1170 1125 1
1170 1169 1
1170 1215 1
1171 1126 1
1171 1172 1
1171 1216 1
1172 1127 1
1172 1171 1
1172 1173 1
1172 1217 1
1173 1128 1
1173 1172 1
1173 1174 1
1173 1218 1
1174 1129 1
1174 1173 1
1174 1175 1
1174 1219 1
1175 1130 1
1175 1174 1
1175 1176 1
1175 1220 1
1176 1131 1
1176 1175 1
1176 1177 1
1176 1221 1
1177 1132 1
1177 1176 1
1177 1178 1
1177 1222 1
1178 1133 1
1178 1177 1
1178 1179 1
1178 1223 1
1179 1134 1
1179 1178 1
1179 1180 1
1179 1224 1
1180 1135 1
1180 1179 1
1180 1181 1
1180 1225 1
1181 1136 1
1181 1180 1
1181 1182 1
1181 1226 1
1182 1137 1
1182 1181 1
1182 1183 1
1182 1227 1
1183 1138 1
1183 1182 1
1183 1184 1
1183 1228 1
1184 1139 1
1184 1183 1
1184 1185 1
1184 1229 1
1185 1140 1
1185 1184 1
1185 1186 1
1185 1230 1
1186 1141 1
1186 1185 1
1186 1187 1
1186 1231 1
1187 1142 1
1187 1186 1
1187 1188 1
1187 1232 1
1188 1143 1
1188 1187 1
1188 1189 1
1188 1233 1
1189 1144 1
1189 1188 1
1189 1190 1
1189 1234 1
1190 1145 1
1190 1189 1
1190 1191 1
1190 1235 1
1191 1146 1
1191 1190 1
1191 1192 1
1191 1236 1
1192 1147 1
1192 1191 1
1192 1193 1
1192 1237 1
1193 1148 1
1193 1192 1
1193 1194 1
1193 1238 1
1194 1149 1
1194 1193 1
1194 1195 1
1194 1239 1
1195 1150 1
1195 1194 1
1195 1196 1
1195 1240 1
1196 1151 1
1196 1195 1
1196 1197 1
1196 1241 1
1197 1152 1
1197 1196 1
1197 1198 1
1197 1242 1
1198 1153 1
1198 1197 1
1198 1199 1
1198 1243 1
1199 1154 1
1199 1198 1
1199 1200 1
1199 1244 1
1200 1155 1
1200 1199 1
1200 1201 1
1200 1245 1
1201 1156 1
1201 1200 1
1201 1202 1
1201 1246 1
1202 1157 1
1202 1201 1
1202 1203 1
1202 1247 1
1203 1158 1
1203 1202 1
1203 1204 1
1203 1248 1
1204 1159 1
1204 1203 1
1204 1205 1
1204 1249 1
1205 1160 1
1205 1204 1
1205 1206 1
1205 1250 1
1206 1161 1
1206 1205 1
1206 1207 1
1206 1251 1
1207 1162 1
1207 1206 1
1207 1208 1
1207 1252 1
1208 1163 1
1208 1207 1
1208 1209 1
1208 1253 1
1209 1164 1
1209 1208 1
1209 1210 1
1209 1254 1
1210 1165 1
1210 1209 1
1210 1211 1
1210 1255 1
1211 1166 1
1211 1210 1
1211 1212 1
1211 1256 1
1212 1167 1
1212 1211 1
1212 1213 1
1212 1257 1
1213 1168 1
1213 1212 1
1213 1214 1
1213 1258 1
1214 1169 1
1214 1213 1
1214 1215 1
1214 1259 1
1215 1170 1
1215 1214 1
1215 1260 1
1216 1171 1
1216 1217 1
1216 1261 1
1217 1172 1
1217 1216 1
1217 1218 1
1217 1262 1
1218 1173 1
1218 1217 1
1218 1219 1
1218 1263 1
1219 1174 1
1219 1218 1
1219 1220 1
1219 1264 1
1220 1175 1
1220 1219 1
1220 1221 1
1220 1265 1
1221 1176 1
1221 1220 1
1221 1222 1
1221 1266 1
1222 1177 1
1222 1221 1
1222 1223 1
1222 1267 1
1223 1178 1
1223 1222 1
1223 1224 1
1223 1268 1
1224 1179 1
1224 1223 1
1224 1225 1
1224 1269 1
1225 1180 1
1225 1224 1
1225 1226 1
1225 1270 1
1226 1181 1
1226 1225 1
1226 1227 1
1226 1271 1
1227 1182 1
1227 1226 1
1227 1228 1
1227 1272 1
1228 1183 1
1228 1227 1
1228 1229 1
1228 1273 1
1229 1184 1
1229 1228 1
1229 1230 1
1229 1274 1
1230 1185 1
1230 1229 1
1230 1231 1
1230 1275 1
1231 1186 1
1231 1230 1
1231 1232 1
1231 1276 1
1232 1187 1
1232 1231 1
1232 1233 1
1232 1277 1
1233 1188 1
1233 1232 1
1233 1234 1
1233 1278 1
1234 1189 1
1234 1233 1
1234 1235 1
1234 1279 1
1235 1190 1
1235 1234 1
1235 1236 1
1235 1280 1
1236 1191 1
1236 1235 1
1236 1237 1
1236 1281 1
1237 1192 1
1237 1236 1
1237 1238 1
1237 1282 1
1238 1193 1
1238 1237 1
1238 1239 1
1238 1283 1
1239 1194 1
1239 1238 1
1239 1240 1
1239 1284 1
1240 1195 1
1240 1239 1
1240 1241 1
1240 1285 1
1241 1196 1
1241 1240 1
1241 1242 1
1241 1286 1
1242 1197 1
1242 1241 1
1242 1243 1
1242 1287 1
1243 1198 1
1243 1242 1
1243 1244 1
1243 1288 1
1244 1199 1
1244 1243 1
1244 1245 1
1244 1289 1
1245 1200 1
1245 1244 1
1245 1246 1
1245 1290 1
1246 1201 1
1246 1245 1
1246 1247 1
1246 1291 1
1247 1202 1
1247 1246 1
1247 1248 1
1247 1292 1
1248 1203 1
1248 1247 1
1248 1249 1
1248 1293 1
1249 1204 1
1249 1248 1
1249 1250 1
1249 1294 1
1250 1205 1
1250 1249 1
1250 1251 1
1250 1295 1
1251 1206 1
1251 1250 1
1251 1252 1
1251 1296 1
1252 1207 1
1252 1251 1
1252 1253 1
1252 1297 1
1253 1208 1
1253 1252 1
1253 1254 1
1253 1298 1
1254 1209 1
1254 1253 1
1254 1255 1
1254 1299 1
1255 1210 1
1255 1254 1
1255 1256 1
1255 1300 1
1256 1211 1
1256 1255 1
1256 1257 1
1256 1301 1
1257 1212 1
1257 1256 1
1257 1258 1
1257 1302 1
1258 1213 1
1258 1257 1
1258 1259 1
1258 1303 1
1259 1214 1
1259 1258 1
1259 1260 1
1259 1304 1
1260 1215 1
1260 1259 1
1260 1305 1
1261 1216 1
1261 1262 1
1261 1306 1
1262 1217 1
1262 1261 1
1262 1263 1
1262 1307 1
1263 1218 1
1263 1262 1
1263 1264 1
1263 1308 1
1264 1219 1
1264 1263 1
1264 1265 1
1264 1309 1
1265 1220 1
1265 1264 1
1265 1266 1
1265 1310 1
1266 1221 1
1266 1265 1
1266 1267 1
1266 1311 1
1267 1222 1
1267 1266 1
1267 1268 1
1267 1312 1
1268 1223 1
1268 1267 1
1268 1269 1
1268 1313 1
1269 1224 1
1269 1268 1
1269 1270 1
1269 1314 1
1270 1225 1
1270 1269 1
1270 1271 1
1270 1315 1
1271 1226 1
1271 1270 1
1271 1272 1
1271 1316 1
1272 1227 1
1272 1271 1
1272 1273 1
1272 1317 1
1273 1228 1
1273 1272 1
1273 1274 1
1273 1318 1
1274 1229 1
1274 1273 1
1274 1275 1
1274 1319 1
1275 1230 1
1275 1274 1
1275 1276 1
1275 1320 1
1276 1231 1
1276 1275 1
1276 1277 1
1276 1321 1
1277 1232 1
1277 1276 1
1277 1278 1
1277 1322 1
1278 1233 1
1278 1277 1
1278 1279 1
1278 1323 1
1279 1234 1
1279 1278 1
1279 1280 1
1279 1324 1
1280 1235 1
1280 1279 1
1280 1281 1
1280 1325 1
1281 1236 1
1281 1280 1
1281 1282 1
1281 1326 1
1282 1237 1
1282 1281 1
1282 1283 1
1282 1327 1
1283 1238 1
1283 1282 1
1283 1284 1
1283 1328 1
1284 1239 1
1284 1283 1
1284 1285 1
1284 1329 1
1285 1240 1
1285 1284 1
1285 1286 1
1285 1330 1
1286 1241 1
1286 1285 1
1286 1287 1
1286 1331 1
1287 1242 1
1287 1286 1
1287 1288 1
1287 1332 1
1288 1243 1
1288 1287 1
1288 1289 1
1288 1333 1
1289 1244 1
1289 1288 1
1289 1290 1
1289 1334 1
1290 1245 1
1290 1289 1
1290 1291 1
1290 1335 1
1291 1246 1
1291 1290 1
1291 1292 1
1291 1336 1
1292 1247 1
1292 1291 1
1292 1293 1
1292 1337 1
1293 1248 1
1293 1292 1
1293 1294 1
1293 1338 1
1294 1249 1
1294 1293 1
1294 1295 1
1294 1339 1
1295 1250 1
1295 1294 1
1295 1296 1
1295 1340 1
1296 1251 1
1296 1295 1
1296 1297 1
1296 1341 1
1297 1252 1
1297 1296 1
1297 1298 1
1297 1342 1
1298 1253 1
1298 1297 1
1298 1299 1
1298 1343 1
1299 1254 1
1299 1298 1
1299 1300 1
1299 1344 1
1300 1255 1
1300 1299 1
1300 1301 1
1300 1345 1
1301 1256 1
1301 1300 1
1301 1302 1
1301 1346 1
1302 1257 1
1302 1301 1
1302 1303 1
1302 1347 1
1303 1258 1
1303 1302 1
1303 1304 1
1303 1348 1
1304 1259 1
1304 1303 1
1304 1305 1
1304 1349 1
1305 1260 1
1305 1304 1
1305 1350 1
1306 1261 1
1306 1307 1
1306 1351 1
1307 1262 1
1307 1306 1
1307 1308 1
1307 1352 1
1308 1263 1
1308 1307 1
1308 1309 1
1308 1353 1
1309 1264 1
1309 1308 1
1309 1310 1
1309 1354 1
1310 1265 1
1310 1309 1
1310 1311 1
1310 1355 1
1311 1266 1
1311 1310 1
1311 1312 1
1311 1356 1
1312 1267 1
1312 1311 1
1312 1313 1
1312 1357 1
1313 1268 1
1313 1312 1
1313 1314 1
1313 1358 1
1314 1269 1
1314 1313 1
1314 1315 1
1314 1359 1
1315 1270 1
1315 1314 1
1315 1316 1
1315 1360 1
1316 1271 1
1316 1315 1
1316 1317 1
1316 1361 1
1317 1272 1
1317 1316 1
1317 1318 1
1317 1362 1
1318 1273 1
1318 1317 1
1318 1319 1
1318 1363 1
1319 1274 1
1319 1318 1
1319 1320 1
1319 1364 1
1320 1275 1
1320 1319 1
1320 1321 1
1320 1365 1
1321 1276 1
1321 1320 1
1321 1322 1
1321 1366 1
1322 1277 1
1322 1321 1
1322 1323 1
1322 1367 1
1323 1278 1
1323 1322 1
1323 1324 1
1323 1368 1
1324 1279 1
1324 1323 1
1324 1325 1
1324 1369 1
1325 1280 1
1325 1324 1
1325 1326 1
1325 1370 1
1326 1281 1
1326 1325 1
1326 1327 1
1326 1371 1
1327 1282 1
1327 1326 1
1327 1328 1
1327 1372 1
1328 1283 1
1328 1327 1
1328 1329 1
1328 1373 1
1329 1284 1
1329 1328 1
1329 1330 1
1329 1374 1
1330 1285 1
1330 1329 1
1330 1331 1
1330 1375 1
1331 1286 1
1331 1330 1
1331 1332 1
1331 1376 1
1332 1287 1
1332 1331 1
1332 1333 1
1332 1377 1
1333 1288 1
1333 1332 1
1333 1334 1
1333 1378 1
1334 1289 1
1334 1333 1
1334 1335 1
1334 1379 1
1335 1290 1
1335 1334 1
1335 1336 1
1335 1380 1
1336 1291 1
1336 1335 1
1336 1337 1
1336 1381 1
1337 1292 1
1337 1336 1
1337 1338 1
1337 1382 1
1338 1293 1
1338 1337 1
1338 1339 1
1338 1383 1
1339 1294 1
1339 1338 1
1339 1340 1
1339 1384 1
1340 1295 1
1340 1339 1
1340 1341 1
1340 1385 1
1341 1296 1
1341 1340 1
1341 1342 1
1341 1386 1
1342 1297 1
1342 1341 1
1342 1343 1
1342 1387 1
1343 1298 1
1343 1342 1
1343 1344 1
1343 1388 1
1344 1299 1
1344 1343 1
1344 1345 1
1344 1389 1
1345 1300 1
1345 1344 1
1345 1346 1
1345 1390 1
1346 1301 1
1346 1345 1
1346 1347 1
1346 1391 1
1347 1302 1
1347 1346 1
1347 1348 1
1347 1392 1
1348 1303 1
1348 1347 1
1348 1349 1
1348 1393 1
1349 1304 1
1349 1348 1
1349 1350 1
1349 1394 1
1350 1305 1
1350 1349 1
1350 1395 1
1351 1306 1
1351 1352 1
1351 1396 1
1352 1307 1
1352 1351 1
1352 1353 1
1352 1397 1
1353 1308 1
1353 1352 1
1353 1354 1
1353 1398 1
1354 1309 1
1354 1353 1
1354 1355 1
1354 1399 1
1355 1310 1
1355 1354 1
1355 1356 1
1355 1400 1
1356 1311 1
1356 1355 1
1356 1357 1
1356 1401 1
1357 1312 1
1357 1356 1
1357 1358 1
1357 1402 1
1358 1313 1
1358 1357 1
1358 1359 1
1358 1403 1
1359 1314 1
1359 1358 1
1359 1360 1
1359 1404 1
1360 1315 1
1360 1359 1
1360 1361 1
1360 1405 1
1361 1316 1
1361 1360 1
1361 1362 1
1361 1406 1
1362 1317 1
1362 1361 1
1362 1363 1
1362 1407 1
1363 1318 1
1363 1362 1
1363 1364 1
1363 1408 1
1364 1319 1
1364 1363 1
1364 1365 1
1364 1409 1
1365 1320 1
1365 1364 1
1365 1366 1
1365 1410 1
1366 1321 1
1366 1365 1
1366 1367 1
1366 1411 1
1367 1322 1
1367 1366 1
1367 1368 1
1367 1412 1
1368 1323 1
1368 1367 1
1368 1369 1
1368 1413 1
1369 1324 1
1369 1368 1
1369 1370 1
1369 1414 1
1370 1325 1
1370 1369 1
1370 1371 1
1370 1415 1
1371 1326 1
1371 1370 1
1371 1372 1
1371 1416 1
1372 1327 1
1372 1371 1
1372 1373 1
1372 1417 1
1373 1328 1
1373 1372 1
1373 1374 1
1373 1418 1
1374 1329 1
1374 1373 1
1374 1375 1
1374 1419 1
1375 1330 1
1375 1374 1
1375 1376 1
1375 1420 1
1376 1331 1
1376 1375 1
1376 1377 1
1376 1421 1
1377 1332 1
1377 1376 1
1377 1378 1
1377 1422 1
1378 1333 1
1378 1377 1
1378 1379 1
1378 1423 1
1379 1334 1
1379 1378 1
1379 1380 1
1379 1424 1
1380 1335 1
1380 1379 1
1380 1381 1
1380 1425 1
1381 1336 1
1381 1380 1
1381 1382 1
1381 1426 1
1382 1337 1
1382 1381 1
1382 1383 1
1382 1427 1
1383 1338 1
1383 1382 1
1383 1384 1
1383 1428 1
1384 1339 1
1384 1383 1
1384 1385 1
1384 1429 1
1385 1340 1
1385 1384 1
1385 1386 1
1385 1430 1
1386 1341 1
1386 1385 1
1386 1387 1
1386 1431 1
1387 1342 1
1387 1386 1
1387 1388 1
1387 1432 1
1388 1343 1
1388 1387 1
1388 1389 1
1388 1433 1
1389 1344 1
1389 1388 1
1389 1390 1
1389 1434 1
1390 1345 1
1390 1389 1
1390 1391 1
1390 1435 1
1391 1346 1
1391 1390 1
1391 1392 1
1391 1436 1
1392 1347 1
1392 1391 1
1392 1393 1
1392 1437 1
1393 1348 1
1393 1392 1
1393 1394 1
1393 1438 1
1394 1349 1
1394 1393 1
1394 1395 1
1394 1439 1
1395 1350 1
1395 1394 1
1395 1440 1
1396 1351 1
1396 1397 1
1396 1441 1
1397 1352 1
1397 1396 1
1397 1398 1
1397 1442 1
1398 1353 1
1398 1397 1
1398 1399 1
1398 1443 1
1399 1354 1
1399 1398 1
1399 1400 1
1399 1444 1
1400 1355 1
1400 1399 1
1400 1401 1
1400 1445 1
1401 1356 1
1401 1400 1
1401 1402 1
1401 1446 1
1402 1357 1
1402 1401 1
1402 1403 1
1402 1447 1
1403 1358 1
1403 1402 1
1403 1404 1
1403 1448 1
1404 1359 1
1404 1403 1
1404 1405 1
1404 1449 1
1405 1360 1
1405 1404 1
1405 1406 1
1405 1450 1
1406 1361 1
1406 1405 1
1406 1407 1
1406 1451 1
1407 1362 1
1407 1406 1
1407 1408 1
1407 1452 1
1408 1363 1
1408 1407 1
1408 1409 1
1408 1453 1
1409 1364 1
1409 1408 1
1409 1410 1
1409 1454 1
1410 1365 1
1410 1409 1
1410 1411 1
1410 1455 1
1411 1366 1
1411 1410 1
1411 1412 1
1411 1456 1
1412 1367 1
1412 1411 1
1412 1413 1
1412 1457 1
1413 1368 1
1413 1412 1
1413 1414 1
1413 1458 1
1414 1369 1
1414 1413 1
1414 1415 1
1414 1459 1
1415 1370 1
1415 1414 1
1415 1416 1
1415 1460 1
1416 1371 1
1416 1415 1
1416 1417 1
1416 1461 1
1417 1372 1
1417 1416 1
1417 1418 1
1417 1462 1
1418 1373 1
1418 1417 1
1418 1419 1
1418 1463 1
1419 1374 1
1419 1418 1
1419 1420 1
1419 1464 1
1420 1375 1
1420 1419 1
1420 1421 1
1420 1465 1
1421 1376 1
1421 1420 1
1421 1422 1
1421 1466 1
1422 1377 1
1422 1421 1
1422 1423 1
1422 1467 1
1423 1378 1
1423 1422 1
1423 1424 1
1423 1468 1
1424 1379 1
1424 1423 1
1424 1425 1
1424 1469 1
1425 1380 1
1425 1424 1
1425 1426 1
1425 1470 1
1426 1381 1
1426 1425 1
1426 1427 1
1426 1471 1
1427 1382 1
1427 1426 1
1427 1428 1
1427 1472 1
1428 1383 1
1428 1427 1
1428 1429 1
1428 1473 1
1429 1384 1
1429 1428 1
1429 1430 1
1429 1474 1
1430 1385 1
1430 1429 1
1430 1431 1
1430 1475 1
1431 1386 1
1431 1430 1
1431 1432 1
1431 1476 1
1432 1387 1
1432 1431 1
1432 1433 1
1432 1477 1
1433 1388 1
1433 1432 1
1433 1434 1
1433 1478 1
1434 1389 1
1434 1433 1
1434 1435 1
1434 1479 1
1435 1390 1
1435 1434 1
1435 1436 1
1435 1480 1
1436 1391 1
1436 1435 1
1436 1437 1
1436 1481 1
1437 1392 1
1437 1436 1
1437 1438 1
1437 1482 1
1438 1393 1
1438 1437 1
1438 1439 1
1438 1483 1
1439 1394 1
1439 1438 1
1439 1440 1
1439 1484 1
1440 1395 1
1440 1439 1
1440 1485 1
1441 1396 1
1441 1442 1
1441 1486 1
1442 1397 1
1442 1441 1
1442 1443 1
1442 1487 1
1443 1398 1
1443 1442 1
1443 1444 1
1443 1488 1
1444 1399 1
1444 1443 1
1444 1445 1
1444 1489 1
1445 1400 1
1445 1444 1
1445 1446 1
1445 1490 1
1446 1401 1
1446 1445 1
1446 1447 1
1446 1491 1
1447 1402 1
1447 1446 1
1447 1448 1
1447 1492 1
1448 1403 1
1448 1447 1
1448 1449 1
1448 1493 1
1449 1404 1
1449 1448 1
1449 1450 1
1449 1494 1
1450 1405 1
1450 1449 1
1450 1451 1
1450 1495 1
1451 1406 1
1451 1450 1
1451 1452 1
1451 1496 1
1452 1407 1
1452 1451 1
1452 1453 1
1452 1497 1
1453 1408 1
1453 1452 1
1453 1454 1
1453 1498 1
1454 1409 1
1454 1453 1
1454 1455 1
1454 1499 1
1455 1410 1
1455 1454 1
1455 1456 1
1455 1500 1
1456 1411 1
1456 1455 1
1456 1457 1
1456 1501 1
1457 1412 1
1457 1456 1
1457 1458 1
1457 1502 1
1458 1413 1
1458 1457 1
1458 1459 1
1458 1503 1
1459 1414 1
1459 1458 1
1459 1460 1
1459 1504 1
1460 1415 1
1460 1459 1
1460 1461 1
1460 1505 1
1461 1416 1
1461 1460 1
1461 1462 1
1461 1506 1
1462 1417 1
1462 1461 1
1462 1463 1
1462 1507 1
1463 1418 1
1463 1462 1
1463 1464 1
1463 1508 1
1464 1419 1
1464 1463 1
1464 1465 1
1464 1509 1
1465 1420 1
1465 1464 1
1465 1466 1
1465 1510 1
1466 1421 1
1466 1465 1
1466 1467 1
1466 1511 1
1467 1422 1
1467 1466 1
1467 1468 1
1467 1512 1
1468 1423 1
1468 1467 1
1468 1469 1
1468 1513 1
1469 1424 1
1469 1468 1
1469 1470 1
1469 1514 1
1470 1425 1
1470 1469 1
1470 1471 1
1470 1515 1
1471 1426 1
1471 1470 1
1471 1472 1
1471 1516 1
1472 1427 1
1472 1471 1
1472 1473 1
1472 1517 1
1473 1428 1
1473 1472 1
1473 1474 1
1473 1518 1
1474 1429 1
1474 1473 1
1474 1475 1
1474 1519 1
1475 1430 1
1475 1474 1
1475 1476 1
1475 1520 1
1476 1431 1
1476 1475 1
1476 1477 1
1476 1521 1
1477 1432 1
1477 1476 1
1477 1478 1
1477 1522 1
1478 1433 1
1478 1477 1
1478 1479 1
1478 1523 1
1479 1434 1
1479 1478 1
1479 1480 1
1479 1524 1
1480 1435 1
1480 1479 1
1480 1481 1
1480 1525 1
1481 1436 1
1481 1480 1
1481 1482 1
1481 1526 1
1482 1437 1
1482 1481 1
1482 1483 1
1482 1527 1
1483 1438 1
1483 1482 1
1483 1484 1
1483 1528 1
1484 1439 1
1484 1483 1
1484 1485 1
1484 1529 1
1485 1440 1
1485 1484 1
1485 1530 1
1486 1441 1
1486 1487 1
1486 1531 1
1487 1442 1
1487 1486 1
1487 1488 1
1487 1532 1
1488 1443 1
1488 1487 1
1488 1489 1
1488 1533 1
1489 1444 1
1489 1488 1
1489 1490 1
1489 1534 1
1490 1445 1
1490 1489 1
1490 1491 1
1490 1535 1
1491 1446 1
1491 1490 1
1491 1492 1
1491 1536 1
1492 1447 1
1492 1491 1
1492 1493 1
1492 1537 1
1493 1448 1
1493 1492 1
1493 1494 1
1493 1538 1
1494 1449 1
1494 1493 1
1494 1495 1
1494 1539 1
1495 1450 1
1495 1494 1
1495 1496 1
1495 1540 1
1496 1451 1
1496 1495 1
1496 1497 1
1496 1541 1
1497 1452 1
1497 1496 1
1497 1498 1
1497 1542 1
1498 1453 1
1498 1497 1
1498 1499 1
1498 1543 1
1499 1454 1
1499 1498 1
1499 1500 1
1499 1544 1
1500 1455 1
1500 1499 1
1500 1501 1
1500 1545 1
1501 1456 1
1501 1500 1
1501 1502 1
1501 1546 1
1502 1457 1
1502 1501 1
1502 1503 1
1502 1547 1
1503 1458 1
1503 1502 1
1503 1504 1
1503 1548 1
1504 1459 1
1504 1503 1
1504 1505 1
1504 1549 1
1505 1460 1
1505 1504 1
1505 1506 1
1505 1550 1
1506 1461 1
1506 1505 1
1506 1507 1
1506 1551 1
1507 1462 1
1507 1506 1
1507 1508 1
1507 1552 1
1508 1463 1
1508 1507 1
1508 1509 1
1508 1553 1
1509 1464 1
1509 1508 1
1509 1510 1
1509 1554 1
1510 1465 1
1510 1509 1
1510 1511 1
1510 1555 1
1511 1466 1
1511 1510 1
1511 1512 1
1511 1556 1
1512 1467 1
1512 1511 1
1512 1513 1
1512 1557 1
1513 1468 1
1513 1512 1
1513 1514 1
1513 1558 1
1514 1469 1
1514 1513 1
1514 1515 1
1514 1559 1
1515 1470 1
1515 1514 1
1515 1516 1
1515 1560 1
1516 1471 1
1516 1515 1
1516 1517 1
1516 1561 1
1517 1472 1
1517 1516 1
1517 1518 1
1517 1562 1
1518 1473 1
1518 1517 1
1518 1519 1
1518 1563 1
1519 1474 1
1519 1518 1
1519 1520 1
1519 1564 1
1520 1475 1
1520 1519 1
1520 1521 1
1520 1565 1
1521 1476 1
1521 1520 1
1521 1522 1
1521 1566 1
1522 1477 1
1522 1521 1
1522 1523 1
1522 1567 1
1523 1478 1
1523 1522 1
1523 1524 1
1523 1568 1
1524 1479 1
1524 1523 1
1524 1525 1
1524 1569 1
1525 1480 1
1525 1524 1
1525 1526 1
1525 1570 1
1526 1481 1
1526 1525 1
1526 1527 1
1526 1571 1
1527 1482 1
1527 1526 1
1527 1528 1
1527 1572 1
1528 1483 1
1528 1527 1
1528 1529 1
1528 1573 1
1529 1484 1
1529 1528 1
1529 1530 1
1529 1574 1
1530 1485 1
1530 1529 1
1530 1575 1
1531 1486 1
1531 1532 1
1531 1576 1
1532 1487 1
1532 1531 1
1532 1533 1
1532 1577 1
1533 1488 1
1533 1532 1
1533 1534 1
1533 1578 1
1534 1489 1
1534 1533 1
1534 1535 1
1534 1579 1
1535 1490 1
1535 1534 1
1535 1536 1
1535 1580 1
1536 1491 1
1536 1535 1
1536 1537 1
1536 1581 1
1537 1492 1
1537 1536 1
1537 1538 1
1537 1582 1
1538 1493 1
1538 1537 1
1538 1539 1
1538 1583 1
1539 1494 1
1539 1538 1
1539 1540 1
1539 1584 1
1540 1495 1
1540 1539 1
1540 1541 1
1540 1585 1
1541 1496 1
1541 1540 1
1541 1542 1
1541 1586 1
1542 1497 1
1542 1541 1
1542 1543 1
1542 1587 1
1543 1498 1
1543 1542 1
1543 1544 1
1543 1588 1
1544 1499 1
1544 1543 1
1544 1545 1
1544 1589 1
1545 1500 1
1545 1544 1
1545 1546 1
1545 1590 1
1546 1501 1
1546 1545 1
1546 1547 1
1546 1591 1
1547 1502 1
1547 1546 1
1547 1548 1
1547 1592 1
1548 1503 1
1548 1547 1
1548 1549 1
1548 1593 1
1549 1504 1
1549 1548 1
1549 1550 1
1549 1594 1
1550 1505 1
1550 1549 1
1550 1551 1
1550 1595 1
1551 1506 1
1551 1550 1
1551 1552 1
1551 1596 1
1552 1507 1
1552 1551 1
1552 1553 1
1552 1597 1
1553 1508 1
1553 1552 1
1553 1554 1
1553 1598 1
1554 1509 1
1554 1553 1
1554 1555 1
1554 1599 1
1555 1510 1
1555 1554 1
1555 1556 1
1555 1600 1
1556 1511 1
1556 1555 1
1556 1557 1
1556 1601 1
1557 1512 1
1557 1556 1
1557 1558 1
1557 1602 1
1558 1513 1
1558 1557 1
1558 1559 1
1558 1603 1
1559 1514 1
1559 1558 1
1559 1560 1
1559 1604 1
1560 1515 1
1560 1559 1
1560 1561 1
1560 1605 1
1561 1516 1
1561 1560 1
1561 1562 1
1561 1606 1
1562 1517 1
1562 1561 1
1562 1563 1
1562 1607 1
1563 1518 1
1563 1562 1
1563 1564 1
1563 1608 1
1564 1519 1
1564 1563 1
1564 1565 1
1564 1609 1
1565 1520 1
1565 1564 1
1565 1566 1
1565 1610 1
1566 1521 1
1566 1565 1
1566 1567 1
1566 1611 1
1567 1522 1
1567 1566 1
1567 1568 1
1567 1612 1
1568 1523 1
1568 1567 1
1568 1569 1
1568 1613 1
1569 1524 1
1569 1568 1
1569 1570 1
1569 1614 1
1570 1525 1
1570 1569 1
1570 1571 1
1570 1615 1
1571 1526 1
1571 1570 1
1571 1572 1
1571 1616 1
1572 1527 1
1572 1571 1
1572 1573 1
1572 1617 1
1573 1528 1
1573 1572 1
1573 1574 1
1573 1618 1
1574 1529 1
1574 1573 1
1574 1575 1
1574 1619 1
1575 1530 1
1575 1574 1
1575 1620 1
1576 1531 1
1576 1577 1
1576 1621 1
1577 1532 1
1577 1576 1
1577 1578 1
1577 1622 1
1578 1533 1
1578 1577 1
1578 1579 1
1578 1623 1
1579 1534 1
1579 1578 1
1579 1580 1
1579 1624 1
1580 1535 1
1580 1579 1
1580 1581 1
1580 1625 1
1581 1536 1
1581 1580 1
1581 1582 1
1581 1626 1
1582 1537 1
1582 1581 1
1582 1583 1
1582 1627 1
1583 1538 1
1583 1582 1
1583 1584 1
1583 1628 1
1584 1539 1
1584 1583 1
1584 1585 1
1584 1629 1
1585 1540 1
1585 1584 1
1585 1586 1
1585 1630 1
1586 1541 1
1586 1585 1
1586 1587 1
1586 1631 1
1587 1542 1
1587 1586 1
1587 1588 1
1587 1632 1
1588 1543 1
1588 1587 1
1588 1589 1
1588 1633 1
1589 1544 1
1589 1588 1
1589 1590 1
1589 1634 1
1590 1545 1
1590 1589 1
1590 1591 1
1590 1635 1
1591 1546 1
1591 1590 1
1591 1592 1
1591 1636 1
1592 1547 1
1592 1591 1
1592 1593 1
1592 1637 1
1593 1548 1
1593 1592 1
1593 1594 1
1593 1638 1
1594 1549 1
1594 1593 1
1594 1595 1
1594 1639 1
1595 1550 1
1595 1594 1
1595 1596 1
1595 1640 1
1596 1551 1
1596 1595 1
1596 1597 1
1596 1641 1
1597 1552 1
1597 1596 1
1597 1598 1
1597 1642 1
1598 1553 1
1598 1597 1
1598 1599 1
1598 1643 1
1599 1554 1
1599 1598 1
1599 1600 1
1599 1644 1
1600 1555 1
1600 1599 1
1600 1601 1
1600 1645 1
1601 1556 1
1601 1600 1
1601 1602 1
1601 1646 1
1602 1557 1
1602 1601 1
1602 1603 1
1602 1647 1
1603 1558 1
1603 1602 1
1603 1604 1
1603 1648 1
1604 1559 1
1604 1603 1
1604 1605 1
1604 1649 1
1605 1560 1
1605 1604 1
1605 1606 1
1605 1650 1
1606 1561 1
1606 1605 1
1606 1607 1
1606 1651 1
1607 1562 1
1607 1606 1
1607 1608 1
1607 1652 1
1608 1563 1
1608 1607 1
1608 1609 1
1608 1653 1
1609 1564 1
1609 1608 1
1609 1610 1
1609 1654 1
1610 1565 1
1610 1609 1
1610 1611 1
1610 1655 1
1611 1566 1
1611 1610 1
1611 1612 1
1611 1656 1
1612 1567 1
1612 1611 1
1612 1613 1
1612 1657 1
1613 1568 1
1613 1612 1
1613 1614 1
1613 1658 1
1614 1569 1
1614 1613 1
1614 1615 1
1614 1659 1
1615 1570 1
1615 1614 1
1615 1616 1
1615 1660 1
1616 1571 1
1616 1615 1
1616 1617 1
1616 1661 1
1617 1572 1
1617 1616 1
1617 1618 1
1617 1662 1
1618 1573 1
1618 1617 1
1618 1619 1
1618 1663 1
1619 1574 1
1619 1618 1
1619 1620 1
1619 1664 1
1620 1575 1
1620 1619 1
1620 1665 1
1621 1576 1
1621 1622 1
1621 1666 1
1622 1577 1
1622 1621 1
1622 1623 1
1622 1667 1
1623 1578 1
1623 1622 1
1623 1624 1
1623 1668 1
1624 1579 1
1624 1623 1
1624 1625 1
1624 1669 1
1625 1580 1
1625 1624 1
1625 1626 1
1625 1670 1
1626 1581 1
1626 1625 1
1626 1627 1
1626 1671 1
1627 1582 1
1627 1626 1
1627 1628 1
1627 1672 1
1628 1583 1
1628 1627 1
1628 1629 1
1628 1673 1
1629 1584 1
1629 1628 1
1629 1630 1
1629 1674 1
1630 1585 1
1630 1629 1
1630 1631 1
1630 1675 1
1631 1586 1
1631 1630 1
1631 1632 1
1631 1676 1
1632 1587 1
1632 1631 1
1632 1633 1
1632 1677 1
1633 1588 1
1633 1632 1
1633 1634 1
1633 1678 1
1634 1589 1
1634 1633 1
1634 1635 1
1634 1679 1
1635 1590 1
1635 1634 1
1635 1636 1
1635 1680 1
1636 1591 1
1636 1635 1
1636 1637 1
1636 1681 1
1637 1592 1
1637 1636 1
1637 1638 1
1637 1682 1
1638 1593 1
1638 1637 1
1638 1639 1
1638 1683 1
1639 1594 1
1639 1638 1
1639 1640 1
1639 1684 1
1640 1595 1
1640 1639 1
1640 1641 1
1640 1685 1
1641 1596 1
1641 1640 1
1641 1642 1
1641 1686 1
1642 1597 1
1642 1641 1
1642 1643 1
1642 1687 1
1643 1598 1
1643 1642 1
1643 1644 1
1643 1688 1
1644 1599 1
1644 1643 1
1644 1645 1
1644 1689 1
1645 1600 1
1645 1644 1
1645 1646 1
1645 1690 1
1646 1601 1
1646 1645 1
1646 1647 1
1646 1691 1
1647 1602 1
1647 1646 1
1647 1648 1
1647 1692 1
1648 1603 1
1648 1647 1
1648 1649 1
1648 1693 1
1649 1604 1
1649 1648 1
1649 1650 1
1649 1694 1
1650 1605 1
1650 1649 1
1650 1651 1
1650 1695 1
1651 1606 1
1651 1650 1
1651 1652 1
1651 1696 1
1652 1607 1
1652 1651 1
1652 1653 1
1652 1697 1
1653 1608 1
1653 1652 1
1653 1654 1
1653 1698 1
1654 1609 1
1654 1653 1
1654 1655 1
1654 1699 1
1655 1610 1
1655 1654 1
1655 1656 1
1655 1700 1
1656 1611 1
1656 1655 1
1656 1657 1
1656 1701 1
1657 1612 1
1657 1656 1
1657 1658 1
1657 1702 1
1658 1613 1
1658 1657 1
1658 1659 1
1658 1703 1
1659 1614 1
1659 1658 1
1659 1660 1
1659 1704 1
1660 1615 1
1660 1659 1
1660 1661 1
1660 1705 1
1661 1616 1
1661 1660 1
1661 1662 1
1661 1706 1
1662 1617 1
1662 1661 1
1662 1663 1
1662 1707 1
1663 1618 1
1663 1662 1
1663 1664 1
1663 1708 1
1664 1619 1
1664 1663 1
1664 1665 1
1664 1709 1
1665 1620 1
1665 1664 1
1665 1710 1
1666 1621 1
1666 1667 1
1666 1711 1
1667 1622 1
1667 1666 1
1667 1668 1
1667 1712 1
1668 1623 1
1668 1667 1
1668 1669 1
1668 1713 1
1669 1624 1
1669 1668 1
1669 1670 1
1669 1714 1
1670 1625 1
1670 1669 1
1670 1671 1
1670 1715 1
1671 1626 1
1671 1670 1
1671 1672 1
1671 1716 1
1672 1627 1
1672 1671 1
1672 1673 1
1672 1717 1
1673 1628 1
1673 1672 1
1673 1674 1
1673 1718 1
1674 1629 1
1674 1673 1
1674 1675 1
1674 1719 1
1675 1630 1
1675 1674 1
1675 1676 1
1675 1720 1
1676 1631 1
1676 1675 1
1676 1677 1
1676 1721 1
1677 1632 1
1677 1676 1
1677 1678 1
1677 1722 1
1678 1633 1
1678 1677 1
1678 1679 1
1678 1723 1
1679 1634 1
1679 1678 1
1679 1680 1
1679 1724 1
1680 1635 1
1680 1679 1
1680 1681 1
1680 1725 1
1681 1636 1
1681 1680 1
1681 1682 1
1681 1726 1
1682 1637 1
1682 1681 1
1682 1683 1
1682 1727 1
1683 1638 1
1683 1682 1
1683 1684 1
1683 1728 1
1684 1639 1
1684 1683 1
1684 1685 1
1684 1729 1
1685 1640 1
1685 1684 1
1685 1686 1
1685 1730 1
1686 1641 1
1686 1685 1
1686 1687 1
1686 1731 1
1687 1642 1
1687 1686 1
1687 1688 1
1687 1732 1
1688 1643 1
1688 1687 1
1688 1689 1
1688 1733 1
1689 1644 1
1689 1688 1
1689 1690 1
1689 1734 1
1690 1645 1
1690 1689 1
1690 1691 1
1690 1735 1
1691 1646 1
1691 1690 1
1691 1692 1
1691 1736 1
1692 1647 1
1692 1691 1
1692 1693 1
1692 1737 1
1693 1648 1
1693 1692 1
1693 1694 1
1693 1738 1
1694 1649 1
1694 1693 1
1694 1695 1
1694 1739 1
1695 1650 1
1695 1694 1
1695 1696 1
1695 1740 1
1696 1651 1
1696 1695 1
1696 1697 1
1696 1741 1
1697 1652 1
1697 1696 1
1697 1698 1
1697 1742 1
1698 1653 1
1698 1697 1
1698 1699 1
1698 1743 1
1699 1654 1
1699 1698 1
1699 1700 1
1699 1744 1
1700 1655 1
1700 1699 1
1700 1701 1
1700 1745 1
1701 1656 1
1701 1700 1
1701 1702 1
1701 1746 1
1702 1657 1
1702 1701 1
1702 1703 1
1702 1747 1
1703 1658 1
1703 1702 1
1703 1704 1
1703 1748 1
1704 1659 1
1704 1703 1
1704 1705 1
1704 1749 1
1705 1660 1
1705 1704 1
1705 1706 1
1705 1750 1
1706 1661 1
1706 1705 1
1706 1707 1
1706 1751 1
1707 1662 1
1707 1706 1
1707 1708 1
1707 1752 1
1708 1663 1
1708 1707 1
1708 1709 1
1708 1753 1
1709 1664 1
1709 1708 1
1709 1710 1
1709 1754 1
1710 1665 1
1710 1709 1
1710 1755 1
1711 1666 1
1711 1712 1
1711 1756 1
1712 1667 1
1712 1711 1
1712 1713 1
1712 1757 1
1713 1668 1
1713 1712 1
1713 1714 1
1713 1758 1
1714 1669 1
1714 1713 1
1714 1715 1
1714 1759 1
1715 1670 1
1715 1714 1
1715 1716 1
1715 1760 1
1716 1671 1
1716 1715 1
1716 1717 1
1716 1761 1
1717 1672 1
1717 1716 1
1717 1718 1
1717 1762 1
1718 1673 1
1718 1717 1
1718 1719 1
1718 1763 1
1719 1674 1
1719 1718 1
1719 1720 1
1719 1764 1
1720 1675 1
1720 1719 1
1720 1721 1
1720 1765 1
1721 1676 1
1721 1720 1
1721 1722 1
1721 1766 1
1722 1677 1
1722 1721 1
1722 1723 1
1722 1767 1
1723 1678 1
1723 1722 1
1723 1724 1
1723 1768 1
1724 1679 1
1724 1723 1
1724 1725 1
1724 1769 1
1725 1680 1
1725 1724 1
1725 1726 1
1725 1770 1
1726 1681 1
1726 1725 1
1726 1727 1
1726 1771 1
1727 1682 1
1727 1726 1
1727 1728 1
1727 1772 1
1728 1683 1
1728 1727 1
1728 1729 1
1728 1773 1
1729 1684 1
1729 1728 1
1729 1730 1
1729 1774 1
1730 1685 1
1730 1729 1
1730 1731 1
1730 1775 1
1731 1686 1
1731 1730 1
1731 1732 1
1731 1776 1
1732 1687 1
1732 1731 1
1732 1733 1
1732 1777 1
1733 1688 1
1733 1732 1
1733 1734 1
1733 1778 1
1734 1689 1
1734 1733 1
1734 1735 1
1734 1779 1
1735 1690 1
1735 1734 1
1735 1736 1
1735 1780 1
1736 1691 1
1736 1735 1
1736 1737 1
1736 1781 1
1737 1692 1
1737 1736 1
1737 1738 1
1737 1782 1
1738 1693 1
1738 1737 1
1738 1739 1
1738 1783 1
1739 1694 1
1739 1738 1
1739 1740 1
1739 1784 1
1740 1695 1
1740 1739 1
1740 1741 1
1740 1785 1
1741 1696 1
1741 1740 1
1741 1742 1
1741 1786 1
1742 1697 1
1742 1741 1
1742 1743 1
1742 1787 1
1743 1698 1
1743 1742 1
1743 1744 1
1743 1788 1
1744 1699 1
1744 1743 1
1744 1745 1
1744 1789 1
1745 1700 1
1745 1744 1
1745 1746 1
1745 1790 1
1746 1701 1
1746 1745 1
1746 1747 1
1746 1791 1
1747 1702 1
1747 1746 1
1747 1748 1
1747 1792 1
1748 1703 1
1748 1747 1
1748 1749 1
1748 1793 1
1749 1704 1
1749 1748 1
1749 1750 1
1749 1794 1
1750 1705 1
1750 1749 1
1750 1751 1
1750 1795 1
1751 1706 1
1751 1750 1
1751 1752 1
1751 1796 1
1752 1707 1
1752 1751 1
1752 1753 1
1752 1797 1
1753 1708 1
1753 1752 1
1753 1754 1
1753 1798 1
1754 1709 1
1754 1753 1
1754 1755 1
1754 1799 1
1755 1710 1
1755 1754 1
1755 1800 1
1756 1711 1
1756 1757 1
1756 1801 1
1757 1712 1
1757 1756 1
1757 1758 1
1757 1802 1
1758 1713 1
1758 1757 1
1758 1759 1
1758 1803 1
1759 1714 1
1759 1758 1
1759 1760 1
1759 1804 1
1760 1715 1
1760 1759 1
1760 1761 1
1760 1805 1
1761 1716 1
1761 1760 1
1761 1762 1
1761 1806 1
1762 1717 1
1762 1761 1
1762 1763 1
1762 1807 1
1763 1718 1
1763 1762 1
1763 1764 1
1763 1808 1
1764 1719 1
1764 1763 1
1764 1765 1
1764 1809 1
1765 1720 1
1765 1764 1
1765 1766 1
1765 1810 1
1766 1721 1
1766 1765 1
1766 1767 1
1766 1811 1
1767 1722 1
1767 1766 1
1767 1768 1
1767 1812 1
1768 1723 1
1768 1767 1
1768 1769 1
1768 1813 1
1769 1724 1
1769 1768 1
1769 1770 1
1769 1814 1
1770 1725 1
1770 1769 1
1770 1771 1
1770 1815 1
1771 1726 1
1771 1770 1
1771 1772 1
1771 1816 1
1772 1727 1
1772 1771 1
1772 1773 1
1772 1817 1
1773 1728 1
1773 1772 1
1773 1774 1
1773 1818 1
1774 1729 1
1774 1773 1
1774 1775 1
1774 1819 1
1775 1730 1
1775 1774 1
1775 1776 1
1775 1820 1
1776 1731 1
1776 1775 1
1776 1777 1
1776 1821 1
1777 1732 1
1777 1776 1
1777 1778 1
1777 1822 1
1778 1733 1
1778 1777 1
1778 1779 1
1778 1823 1
1779 1734 1
1779 1778 1
1779 1780 1
1779 1824 1
1780 1735 1
1780 1779 1
1780 1781 1
1780 1825 1
1781 1736 1
1781 1780 1
1781 1782 1
1781 1826 1
1782 1737 1
1782 1781 1
1782 1783 1
1782 1827 1
1783 1738 1
1783 1782 1
1783 1784 1
1783 1828 1
1784 1739 1
1784 1783 1
1784 1785 1
1784 1829 1
1785 1740 1
1785 1784 1
1785 1786 1
1785 1830 1
1786 1741 1
1786 1785 1
1786 1787 1
1786 1831 1
1787 1742 1
1787 1786 1
1787 1788 1
1787 1832 1
1788 1743 1
1788 1787 1
1788 1789 1
1788 1833 1
1789 1744 1
1789 1788 1
1789 1790 1
1789 1834 1
1790 1745 1
1790 1789 1
1790 1791 1
1790 1835 1
1791 1746 1
1791 1790 1
1791 1792 1
1791 1836 1
1792 1747 1
1792 1791 1
1792 1793 1
1792 1837 1
1793 1748 1
1793 1792 1
1793 1794 1
1793 1838 1
1794 1749 1
1794 1793 1
1794 1795 1
1794 1839 1
1795 1750 1
1795 1794 1
1795 1796 1
1795 1840 1
1796 1751 1
1796 1795 1
1796 1797 1
1796 1841 1
1797 1752 1
1797 1796 1
1797 1798 1
1797 1842 1
1798 1753 1
1798 1797 1
1798 1799 1
1798 1843 1
1799 1754 1
1799 1798 1
1799 1800 1
1799 1844 1
1800 1755 1
1800 1799 1
1800 1845 1
1801 1756 1
1801 1802 1
1801 1846 1
1802 1757 1
1802 1801 1
1802 1803 1
1802 1847 1
1803 1758 1
1803 1802 1
1803 1804 1
1803 1848 1
1804 1759 1
1804 1803 1
1804 1805 1
1804 1849 1
1805 1760 1
1805 1804 1
1805 1806 1
1805 1850 1
1806 1761 1
1806 1805 1
1806 1807 1
1806 1851 1
1807 1762 1
1807 1806 1
1807 1808 1
1807 1852 1
1808 1763 1
1808 1807 1
1808 1809 1
1808 1853 1
1809 1764 1
1809 1808 1
1809 1810 1
1809 1854 1
1810 1765 1
1810 1809 1
1810 1811 1
1810 1855 1
1811 1766 1
1811 1810 1
1811 1812 1
1811 1856 1
1812 1767 1
1812 1811 1
1812 1813 1
1812 1857 1
1813 1768 1
1813 1812 1
1813 1814 1
1813 1858 1
1814 1769 1
1814 1813 1
1814 1815 1
1814 1859 1
1815 1770 1
1815 1814 1
1815 1816 1
1815 1860 1
1816 1771 1
1816 1815 1
1816 1817 1
1816 1861 1
1817 1772 1
1817 1816 1
1817 1818 1
1817 1862 1
1818 1773 1
1818 1817 1
1818 1819 1
1818 1863 1
1819 1774 1
1819 1818 1
1819 1820 1
1819 1864 1
1820 1775 1
1820 1819 1
1820 1821 1
1820 1865 1
1821 1776 1
1821 1820 1
1821 1822 1
1821 1866 1
1822 1777 1
1822 1821 1
1822 1823 1
1822 1867 1
1823 1778 1
1823 1822 1
1823 1824 1
1823 1868 1
1824 1779 1
1824 1823 1
1824 1825 1
1824 1869 1
1825 1780 1
1825 1824 1
1825 1826 1
1825 1870 1
1826 1781 1
1826 1825 1
1826 1827 1
1826 1871 1
1827 1782 1
1827 1826 1
1827 1828 1
1827 1872 1
1828 1783 1
1828 1827 1
1828 1829 1
1828 1873 1
1829 1784 1
1829 1828 1
1829 1830 1
1829 1874 1
1830 1785 1
1830 1829 1
1830 1831 1
1830 1875 1
1831 1786 1
1831 1830 1
1831 1832 1
1831 1876 1
1832 1787 1
1832 1831 1
1832 1833 1
1832 1877 1
1833 1788 1
1833 1832 1
1833 1834 1
1833 1878 1
1834 1789 1
1834 1833 1
1834 1835 1
1834 1879 1
1835 1790 1
1835 1834 1
1835 1836 1
1835 1880 1
1836 1791 1
1836 1835 1
1836 1837 1
1836 1881 1
1837 1792 1
1837 1836 1
1837 1838 1
1837 1882 1
1838 1793 1
1838 1837 1
1838 1839 1
1838 1883 1
1839 1794 1
1839 1838 1
1839 1840 1
1839 1884 1
1840 1795 1
1840 1839 1
1840 1841 1
1840 1885 1
1841 1796 1
1841 1840 1
1841 1842 1
1841 1886 1
1842 1797 1
1842 1841 1
1842 1843 1
1842 1887 1
1843 1798 1
1843 1842 1
1843 1844 1
1843 1888 1
1844 1799 1
1844 1843 1
1844 1845 1
1844 1889 1
1845 1800 1
1845 1844 1
1845 1890 1
1846 1801 1
1846 1847 1
1846 1891 1
1847 1802 1
1847 1846 1
1847 1848 1
1847 1892 1
1848 1803 1
1848 1847 1
1848 1849 1
1848 1893 1
1849 1804 1
1849 1848 1
1849 1850 1
1849 1894 1
1850 1805 1
1850 1849 1
1850 1851 1
1850 1895 1
1851 1806 1
1851 1850 1
1851 1852 1
1851 1896 1
1852 1807 1
1852 1851 1
1852 1853 1
1852 1897 1
1853 1808 1
1853 1852 1
1853 1854 1
1853 1898 1
1854 1809 1
1854 1853 1
1854 1855 1
1854 1899 1
1855 1810 1
1855 1854 1
1855 1856 1
1855 1900 1
1856 1811 1
1856 1855 1
1856 1857 1
1856 1901 1
1857 1812 1
1857 1856 1
1857 1858 1
1857 1902 1
1858 1813 1
1858 1857 1
1858 1859 1
1858 1903 1
1859 1814 1
1859 1858 1
1859 1860 1
1859 1904 1
1860 1815 1
1860 1859 1
1860 1861 1
1860 1905 1
1861 1816 1
1861 1860 1
1861 1862 1
1861 1906 1
1862 1817 1
1862 1861 1
1862 1863 1
1862 1907 1
1863 1818 1
1863 1862 1
1863 1864 1
1863 1908 1
1864 1819 1
1864 1863 1
1864 1865 1
1864 1909 1
1865 1820 1
1865 1864 1
1865 1866 1
1865 1910 1
1866 1821 1
1866 1865 1
1866 1867 1
1866 1911 1
1867 1822 1
1867 1866 1
1867 1868 1
1867 1912 1
1868 1823 1
1868 1867 1
1868 1869 1
1868 1913 1
1869 1824 1
1869 1868 1
1869 1870 1
1869 1914 1
1870 1825 1
1870 1869 1
1870 1871 1
1870 1915 1
1871 1826 1
1871 1870 1
1871 1872 1
1871 1916 1
1872 1827 1
1872 1871 1
1872 1873 1
1872 1917 1
1873 1828 1
1873 1872 1
1873 1874 1
1873 1918 1
1874 1829 1
1874 1873 1
1874 1875 1
1874 1919 1
1875 1830 1
1875 1874 1
1875 1876 1
1875 1920 1
1876 1831 1
1876 1875 1
1876 1877 1
1876 1921 1
1877 1832 1
1877 1876 1
1877 1878 1
1877 1922 1
1878 1833 1
1878 1877 1
1878 1879 1
1878 1923 1
1879 1834 1
1879 1878 1
1879 1880 1
1879 1924 1
1880 1835 1
1880 1879 1
1880 1881 1
1880 1925 1
1881 1836 1
1881 1880 1
1881 1882 1
1881 1926 1
1882 1837 1
1882 1881 1
1882 1883 1
1882 1927 1
1883 1838 1
1883 1882 1
1883 1884 1
1883 1928 1
1884 1839 1
1884 1883 1
1884 1885 1
1884 1929 1
1885 1840 1
1885 1884 1
1885 1886 1
1885 1930 1
1886 1841 1
1886 1885 1
1886 1887 1
1886 1931 1
1887 1842 1
1887 1886 1
1887 1888 1
1887 1932 1
1888 1843 1
1888 1887 1
1888 1889 1
1888 1933 1
1889 1844 1
1889 1888 1
1889 1890 1
1889 1934 1
1890 1845 1
1890 1889 1
1890 1935 1
1891 1846 1
1891 1892 1
1891 1936 1
1892 1847 1
1892 1891 1
1892 1893 1
1892 1937 1
1893 1848 1
1893 1892 1
1893 1894 1
1893 1938 1
1894 1849 1
1894 1893 1
1894 1895 1
1894 1939 1
1895 1850 1
1895 1894 1
1895 1896 1
1895 1940 1
1896 1851 1
1896 1895 1
1896 1897 1
1896 1941 1
1897 1852 1
1897 1896 1
1897 1898 1
1897 1942 1
1898 1853 1
1898 1897 1
1898 1899 1
1898 1943 1
1899 1854 1
1899 1898 1
1899 1900 1
1899 1944 1
1900 1855 1
1900 1899 1
1900 1901 1
1900 1945 1
1901 1856 1
1901 1900 1
1901 1902 1
1901 1946 1
1902 1857 1
1902 1901 1
1902 1903 1
1902 1947 1
1903 1858 1
1903 1902 1
1903 1904 1
1903 1948 1
1904 1859 1
1904 1903 1
1904 1905 1
1904 1949 1
1905 1860 1
1905 1904 1
1905 1906 1
1905 1950 1
1906 1861 1
1906 1905 1
1906 1907 1
1906 1951 1
1907 1862 1
1907 1906 1
1907 1908 1
1907 1952 1
1908 1863 1
1908 1907 1
1908 1909 1
1908 1953 1
1909 1864 1
1909 1908 1
1909 1910 1
1909 1954 1
1910 1865 1
1910 1909 1
1910 1911 1
1910 1955 1
1911 1866 1
1911 1910 1
1911 1912 1
1911 1956 1
1912 1867 1
1912 1911 1
1912 1913 1
1912 1957 1
1913 1868 1
1913 1912 1
1913 1914 1
1913 1958 1
1914 1869 1
1914 1913 1
1914 1915 1
1914 1959 1
1915 1870 1
1915 1914 1
1915 1916 1
1915 1960 1
1916 1871 1
1916 1915 1
1916 1917 1
1916 1961 1
1917 1872 1
1917 1916 1
1917 1918 1
1917 1962 1
1918 1873 1
1918 1917 1
1918 1919 1
1918 1963 1
1919 1874 1
1919 1918 1
1919 1920 1
1919 1964 1
1920 1875 1
1920 1919 1
1920 1921 1
1920 1965 1
1921 1876 1
1921 1920 1
1921 1922 1
1921 1966 1
1922 1877 1
1922 1921 1
1922 1923 1
1922 1967 1
1923 1878 1
1923 1922 1
1923 1924 1
1923 1968 1
1924 1879 1
1924 1923 1
1924 1925 1
1924 1969 1
1925 1880 1
1925 1924 1
1925 1926 1
1925 1970 1
1926 1881 1
1926 1925 1
1926 1927 1
1926 1971 1
1927 1882 1
1927 1926 1
1927 1928 1
1927 1972 1
1928 1883 1
1928 1927 1
1928 1929 1
1928 1973 1
1929 1884 1
1929 1928 1
1929 1930 1
1929 1974 1
1930 1885 1
1930 1929 1
1930 1931 1
1930 1975 1
1931 1886 1
1931 1930 1
1931 1932 1
1931 1976 1
1932 1887 1
1932 1931 1
1932 1933 1
1932 1977 1
1933 1888 1
1933 1932 1
1933 1934 1
1933 1978 1
1934 1889 1
1934 1933 1
1934 1935 1
1934 1979 1
1935 1890 1
1935 1934 1
1935 1980 1
1936 1891 1
1936 1937 1
1936 1981 1
1937 1892 1
1937 1936 1
1937 1938 1
1937 1982 1
1938 1893 1
1938 1937 1
1938 1939 1
1938 1983 1
1939 1894 1
1939 1938 1
1939 1940 1
1939 1984 1
1940 1895 1
1940 1939 1
1940 1941 1
1940 1985 1
1941 1896 1
1941 1940 1
1941 1942 1
1941 1986 1
1942 1897 1
1942 1941 1
1942 1943 1
1942 1987 1
1943 1898 1
1943 1942 1
1943 1944 1
1943 1988 1
1944 1899 1
1944 1943 1
1944 1945 1
1944 1989 1
1945 1900 1
1945 1944 1
1945 1946 1
1945 1990 1
1946 1901 1
1946 1945 1
1946 1947 1
1946 1991 1
1947 1902 1
1947 1946 1
1947 1948 1
1947 1992 1
1948 1903 1
1948 1947 1
1948 1949 1
1948 1993 1
1949 1904 1
1949 1948 1
1949 1950 1
1949 1994 1
1950 1905 1
1950 1949 1
1950 1951 1
1950 1995 1
1951 1906 1
1951 1950 1
1951 1952 1
1951 1996 1
1952 1907 1
1952 1951 1
1952 1953 1
1952 1997 1
1953 1908 1
1953 1952 1
1953 1954 1
1953 1998 1
1954 1909 1
1954 1953 1
1954 1955 1
1954 1999 1
1955 1910 1
1955 1954 1
1955 1956 1
1955 2000 1
1956 1911 1
1956 1955 1
1956 1957 1
1956 2001 1
1957 1912 1
1957 1956 1
1957 1958 1
1957 2002 1
1958 1913 1
1958 1957 1
1958 1959 1
1958 2003 1
1959 1914 1
1959 1958 1
1959 1960 1
1959 2004 1
1960 1915 1
1960 1959 1
1960 1961 1
1960 2005 1
1961 1916 1
1961 1960 1
1961 1962 1
1961 2006 1
1962 1917 1
1962 1961 1
1962 1963 1
1962 2007 1
1963 1918 1
1963 1962 1
1963 1964 1
1963 2008 1
1964 1919 1
1964 1963 1
1964 1965 1
1964 2009 1
1965 1920 1
1965 1964 1
1965 1966 1
1965 2010 1
1966 1921 1
1966 1965 1
1966 1967 1
1966 2011 1
1967 1922 1
1967 1966 1
1967 1968 1
1967 2012 1
1968 1923 1
1968 1967 1
1968 1969 1
1968 2013 1
1969 1924 1
1969 1968 1
1969 1970 1
1969 2014 1
1970 1925 1
1970 1969 1
1970 1971 1
1970 2015 1
1971 1926 1
1971 1970 1
1971 1972 1
1971 2016 1
1972 1927 1
1972 1971 1
1972 1973 1
1972 2017 1
1973 1928 1
1973 1972 1
1973 1974 1
1973 2018 1
1974 1929 1
1974 1973 1
1974 1975 1
1974 2019 1
1975 1930 1
1975 1974 1
1975 1976 1
1975 2020 1
1976 1931 1
1976 1975 1
1976 1977 1
1976 2021 1
1977 1932 1
1977 1976 1
1977 1978 1
1977 2022 1
1978 1933 1
1978 1977 1
1978 1979 1
1978 2023 1
1979 1934 1
1979 1978 1
1979 1980 1
1979 2024 1
1980 1935 1
1980 1979 1
1980 2025 1
1981 1936 1
1981 1982 1
1982 1937 1
1982 1981 1
1982 1983 1
1983 1938 1
1983 1982 1
1983 1984 1
1984 1939 1
1984 1983 1
1984 1985 1
1985 1940 1
1985 1984 1
1985 1986 1
1986 1941 1
1986 1985 1
1986 1987 1
1987 1942 1
1987 1986 1
1987 1988 1
1988 1943 1
1988 1987 1
1988 1989 1
1989 1944 1
1989 1988 1
1989 1990 1
1990 1945 1
1990 1989 1
1990 1991 1
1991 1946 1
1991 1990 1
1991 1992 1
1992 1947 1
1992 1991 1
1992 1993 1
1993 1948 1
1993 1992 1
1993 1994 1
1994 1949 1
1994 1993 1
1994 1995 1
1995 1950 1
1995 1994 1
1995 1996 1
1996 1951 1
1996 1995 1
1996 1997 1
1997 1952 1
1997 1996 1
1997 1998 1
1998 1953 1
1998 1997 1
1998 1999 1
1999 1954 1
1999 1998 1
1999 2000 1
2000 1955 1
2000 1999 1
2000 2001 1
2001 1956 1
2001 2000 1
2001 2002 1
2002 1957 1
2002 2001 1
2002 2003 1
2003 1958 1
2003 2002 1
2003 2004 1
2004 1959 1
2004 2003 1
2004 2005 1
2005 1960 1
2005 2004 1
2005 2006 1
2006 1961 1
2006 2005 1
2006 2007 1
2007 1962 1
2007 2006 1
2007 2008 1
2008 1963 1
2008 2007 1
2008 2009 1
2009 1964 1
2009 2008 1
2009 2010 1
2010 1965 1
2010 2009 1
2010 2011 1
2011 1966 1
2011 2010 1
2011 2012 1
2012 1967 1
2012 2011 1
2012 2013 1
2013 1968 1
2013 2012 1
2013 2014 1
2014 1969 1
2014 2013 1
2014 2015 1
2015 1970 1
2015 2014 1
2015 2016 1
2016 1971 1
2016 2015 1
2016 2017 1
2017 1972 1
2017 2016 1
2017 2018 1
2018 1973 1
2018 2017 1
2018 2019 1
2019 1974 1
2019 2018 1
2019 2020 1
2020 1975 1
2020 2019 1
2020 2021 1
2021 1976 1
2021 2020 1
2021 2022 1
2022 1977 1
2022 2021 1
2022 2023 1
2023 1978 1
2023 2022 1
2023 2024 1
2024 1979 1
2024 2023 1
2024 2025 1
2025 1980 1
2025 2024 1
